1384 887 778 916 1794 336 1387 493 650 1422 363 28 691 60 1764 1927 541 1427 1173 1737 1212 1369 568 430 1783 1531 863 1124 68 1136 1930 1803 23 1059 1070 168 1394 457 1012 43 230 1374 422 920 1785 538 1199 325 316 371 414 1527 92 981 1957 1874 863 1171 997 1282 306 926 1085 328 337 506 847 1730 1314 1858 125 1896 1583 546 815 1368 1435 365 44 1751 1088 809 1277 1179 1789 1585 1404 652 755 400 1933 1061 1677 1369 1740 13 227 587 95 1540 
796 571 1435 379 1468 602 98 903 1318 493 653 757 1302 281 287 1442 1866 1690 445 620 441 730 32 118 98 1772 482 676 710 928 568 1857 1498 354 587 966 1307 684 220 625 1529 872 1733 830 1504 20 271 1369 1709 716 341 150 1797 724 619 246 847 1452 922 1556 380 1489 1765 229 1842 351 1194 1501 1035 1765 125 915 988 1857 1744 492 228 366 1860 1937 1433 552 438 1229 1276 1408 1475 122 859 396 30 1238 236 1794 1819 429 144 1012 1929 1530 
777 405 444 1764 614 539 607 841 905 819 1129 689 1370 1918 1918 997 1325 1744 1471 184 491 1500 1773 726 1645 1591 1506 140 955 1787 1670 83 543 465 198 1508 1356 805 349 612 1623 1829 1300 1344 1747 1569 341 1423 1312 1811 1606 1802 1662 1731 879 1306 1321 737 1445 627 523 1466 709 1417 283 1259 925 1638 63 1625 601 37 1453 1900 1380 1551 1469 72 974 1132 1882 931 934 1895 661 164 1200 1982 900 997 960 1774 814 1669 1191 1096 927 467 1085 1341 
91 1685 1377 1543 1937 1108 1446 1757 1180 419 888 1413 1349 173 1660 10 337 1211 343 1588 207 1302 1714 1373 1322 1256 820 600 1722 1905 1940 1812 1941 1668 1706 229 1128 1151 1985 659 1921 1225 423 1270 1397 82 1631 85 1293 1973 1673 1851 1626 1386 1223 1300 641 43 1899 714 299 191 525 591 210 582 820 1337 1733 1156 1995 5 380 770 1274 1777 851 1256 1861 143 1580 1885 1994 1206 1622 1568 505 614 1962 755 1327 260 945 203 1203 1507 785 22 843 869 
1529 1190 873 1909 1959 499 37 809 1754 249 1304 1334 134 1649 891 1755 1568 1747 369 1530 501 47 1789 1798 250 991 1304 1034 1364 498 254 893 1687 1126 1153 1997 1976 1189 1158 1730 1437 461 1415 1922 461 305 29 28 51 749 1557 903 795 1698 700 1044 1040 3 429 404 501 682 1648 539 160 1152 536 135 340 1693 216 128 505 1630 50 965 286 430 1344 336 1178 901 1239 1972 950 290 1368 1989 293 1796 744 1145 830 391 1683 1341 1542 570 1827 233 
262 43 361 1118 24 762 82 310 1191 1426 997 368 678 235 691 1627 525 58 1615 1169 206 359 313 1387 1101 347 727 995 917 553 1579 1530 947 291 648 971 1052 1081 1632 594 858 628 1313 1887 1215 356 1513 91 413 1480 1611 970 190 275 356 1642 621 1434 988 1889 339 567 1771 1285 857 418 607 261 1850 238 1206 1060 1218 519 946 784 874 459 874 1638 290 484 608 479 758 1315 472 1730 1101 1460 1619 1439 26 1389 1075 1234 158 1682 1494 359 
271 700 1418 1840 1570 364 623 795 1174 1848 432 1463 683 1391 293 1792 1058 1116 1522 158 575 1492 1948 952 1232 1022 538 1741 1055 31 99 1326 1082 1517 1517 1003 232 140 1797 1405 339 581 1219 1022 1971 1863 813 1380 978 686 1537 1905 177 1484 1208 1760 858 1745 1500 1912 128 1951 1237 1561 1819 1106 564 50 1245 712 1806 1935 1292 1376 956 1615 1590 1769 994 919 806 883 823 983 718 31 1094 1575 127 594 1487 254 544 1075 1815 714 180 378 763 1776 
1089 920 1711 733 295 1018 347 236 1138 1692 1154 1944 574 329 926 1292 711 19 1218 837 964 1056 1091 1859 131 905 572 662 1634 1686 790 1074 605 852 1806 1251 1869 504 1486 1007 196 640 950 1121 968 227 764 1678 597 1982 866 1561 1037 1956 1771 1519 1212 343 533 1197 380 1322 271 985 173 428 235 41 1284 73 1399 1831 1064 348 951 31 574 1715 60 1523 48 925 1083 1436 1233 1205 955 444 1899 1487 1641 279 1160 263 1263 1684 1042 1849 1724 325 
273 1123 155 1336 1822 1458 1366 748 1172 1777 270 1219 702 1704 654 1934 908 1960 729 807 1798 721 1085 1309 1335 699 992 377 899 716 1053 1172 190 1560 507 11 1017 225 1110 540 1 1379 110 1054 1082 1115 1339 1990 1427 68 1148 1224 788 232 533 123 1282 1876 851 180 591 255 1351 1132 1814 1858 1495 1182 82 604 1721 434 1983 182 1488 1416 1297 826 1405 723 893 552 298 33 1135 1182 507 416 1058 1709 596 2000 1963 298 1484 1777 155 978 1310 588 
1933 1383 1022 267 1564 861 1683 1212 1686 1087 286 931 1991 584 1315 1477 117 1821 1893 1526 1529 840 1526 1491 1137 1361 1619 1644 338 929 583 622 311 1956 889 226 816 571 1438 854 9 1723 1784 351 658 1098 1828 1127 1270 72 652 1150 911 529 640 399 1889 611 394 578 1891 977 1200 553 932 88 778 100 658 567 953 1018 642 736 1369 1299 185 1196 777 1806 1267 1429 955 529 309 1594 1279 198 556 1673 775 446 1001 326 998 284 413 128 383 1422 
694 1335 440 1335 422 160 986 958 1355 1762 763 973 1542 1717 1853 1851 1663 1483 400 218 1155 1174 1016 507 1852 365 791 264 492 1173 38 1538 860 829 872 1281 988 1857 591 342 1971 1353 1666 1512 1070 1518 1362 1084 1352 113 1301 507 1639 668 1365 1490 1033 155 105 1876 1680 142 1413 539 970 637 171 1957 845 761 650 815 466 315 327 1887 184 40 970 1536 153 622 394 1791 1290 110 1632 674 265 1736 549 296 1878 314 834 1199 950 1356 1156 1794 
469 157 961 934 824 1287 1172 1359 1678 141 1246 182 762 1991 324 51 101 1955 1076 365 43 1625 660 1920 290 1845 1470 1239 1552 977 1384 20 1134 344 1305 1957 1982 476 1667 12 968 913 193 1730 903 869 132 1003 1175 1208 1719 1217 1184 378 1488 1473 574 958 1063 126 1934 798 497 1419 1142 154 1727 1475 981 1394 1486 1949 306 31 30 1560 899 161 563 425 1720 281 1642 903 1011 1481 727 1584 790 141 1709 724 939 558 494 432 711 221 1906 1691 
1614 1392 1639 271 1422 1668 1830 672 181 744 1096 1900 1025 1089 1155 387 570 233 1970 1711 374 31 434 1664 588 1280 95 1650 1500 352 1340 1465 1743 1331 87 1516 1350 1916 187 1882 1012 1635 134 388 723 1288 774 1644 1520 743 1355 245 1125 140 260 64 1419 354 1713 1270 706 1405 734 800 735 820 316 436 1088 854 670 451 488 803 838 1563 90 1611 1206 1961 705 912 558 1830 1404 817 1893 822 1523 1606 444 580 1362 1529 1379 448 701 46 883 1788 
900 1552 590 1387 354 1427 949 795 1037 507 1108 93 1418 1665 1922 821 481 167 1995 355 124 438 934 1485 318 313 1932 1018 710 1166 1157 1609 1070 1746 996 1423 1172 296 570 560 802 1677 653 572 1341 926 1744 173 1092 90 528 1567 879 1813 1051 1197 125 1334 214 1187 500 1371 795 1569 1116 142 1343 640 438 264 1199 1591 1940 203 514 1632 1129 258 1805 572 347 684 139 1226 496 1541 422 973 1227 635 159 1726 357 953 1646 1473 1447 1340 112 1884 
1604 1662 1826 1543 217 340 1175 1345 597 1331 268 1295 14 758 520 861 651 1293 1833 1877 280 1991 1954 636 1296 1599 108 742 938 571 977 541 585 802 84 801 1493 1610 497 441 940 764 1736 1305 1874 607 165 524 252 350 752 531 340 705 1166 1987 303 1626 1080 1592 548 408 485 1132 1562 920 1932 1054 529 428 1495 1820 1544 1582 1124 1769 188 1640 644 439 1989 1395 1321 681 99 487 1019 753 464 99 696 1011 506 1180 143 67 99 426 1473 979 
854 967 798 749 548 273 517 1087 1913 1160 1878 1901 554 1198 933 1004 36 1952 108 499 50 1155 1862 907 335 4 1326 785 429 798 1764 1634 116 561 382 1015 1186 898 101 1098 409 330 1350 1314 1880 635 317 1915 586 776 766 987 1931 627 1893 617 630 1570 1753 1410 367 1516 1396 834 429 1777 1848 1614 1027 301 1063 1787 630 764 1101 509 1398 1417 776 1983 545 1541 1321 827 519 1566 1795 1500 1135 1547 909 1854 1063 304 687 1843 433 535 1808 1811 
835 870 1597 1816 1985 697 325 1383 466 1452 1717 1362 1344 1038 188 1862 603 1982 1361 89 1880 621 1942 1294 925 629 1136 1709 1163 943 1871 1997 164 1467 1812 501 516 488 235 1333 291 1951 694 1634 1340 881 1495 294 1214 855 383 1445 1476 324 739 752 952 1874 812 466 1169 682 814 1684 500 978 536 1015 1465 770 347 108 1073 1392 1741 412 624 1588 1058 1837 794 1440 1282 621 115 372 1372 1419 597 535 1884 1765 1568 698 1801 68 1675 336 1434 1491 
1458 133 1950 530 1524 1691 1293 148 1630 350 336 423 141 1969 1044 256 340 767 26 937 1654 261 1053 1221 958 1205 1288 984 1541 722 827 998 1206 1128 1879 729 1170 1171 1228 799 1521 1564 1222 1661 1884 617 268 224 1383 293 1512 1036 554 564 609 1863 1769 1896 1199 1661 969 377 1010 174 1504 888 1255 674 58 482 1824 1930 397 1045 1943 281 13 210 856 1748 855 367 1135 1760 1282 1743 1974 1402 1639 1172 1414 959 1900 423 1485 1756 1662 1091 781 72 
1924 604 1 321 1 1943 953 13 505 1808 1760 1359 526 895 1118 159 637 1091 1561 627 615 974 1938 866 1749 1422 621 1410 864 1401 1833 787 5 1834 1459 357 128 411 369 632 570 129 342 1447 1375 1459 1606 11 902 1166 990 1868 491 927 733 239 700 1706 1 1563 1458 1833 349 1462 18 1808 170 498 570 539 1129 1140 1019 1471 586 393 1281 543 755 534 1708 1744 401 551 1022 1486 789 1721 1191 1141 1635 648 1326 1984 462 1695 143 631 192 1064 
1521 1321 555 539 1143 1493 931 423 35 1686 1309 95 1781 1709 645 803 1546 1785 523 1088 926 158 1736 603 493 549 297 987 1531 841 50 1052 513 957 1590 1655 449 873 429 483 558 89 577 338 1798 1221 1140 1695 1006 15 783 283 524 870 1237 1016 1418 1885 354 1300 725 755 351 1237 1711 293 1243 159 1165 24 642 1722 112 1570 411 261 791 1903 1956 148 1917 1090 782 440 1959 18 1807 1376 1902 512 675 979 1266 1378 567 977 1670 162 1135 834 
537 128 907 1000 1698 1317 1261 840 1571 1568 987 1487 1009 1768 278 967 137 436 694 38 947 1720 1368 213 1097 1935 1541 1118 96 675 1951 632 803 1209 1631 852 526 1243 1691 448 1162 677 1935 170 796 564 1136 932 1352 181 1321 298 1901 689 862 997 975 402 115 1070 1429 417 53 583 1626 1683 1434 503 1278 1124 950 791 152 1236 961 947 1800 448 230 1503 629 1550 1800 529 590 1014 1877 1564 1767 1991 985 1195 760 1037 1777 385 1072 1210 1239 701 
685 540 1491 836 1776 451 1782 1927 1251 363 1429 1879 265 1580 759 854 945 635 770 712 978 106 258 1737 1143 35 473 566 1596 1711 1266 633 250 1108 1468 377 1559 1602 303 1161 1964 83 1039 228 15 1797 1434 959 431 555 1670 1408 660 1928 1496 1802 314 1968 719 261 30 336 893 632 1444 713 1008 1354 314 1663 514 629 97 1552 857 111 1700 642 1070 482 1196 1091 1890 1855 1370 1737 9 1683 1705 727 296 1734 1415 1188 365 858 252 1725 211 565 
1739 724 1194 1835 627 402 1946 326 1395 1367 807 590 457 1048 796 1827 785 804 1861 841 1883 156 574 1649 1696 1291 506 1947 1367 1068 864 1105 1791 409 1291 769 1162 1236 1094 556 602 252 1145 1411 1652 292 1589 436 1448 1449 1276 1682 1957 201 1330 1652 1843 1835 1950 1561 902 1165 665 1044 1573 1956 1812 734 1543 1257 1641 497 1860 1137 259 1511 1429 1847 298 876 1295 1925 557 1251 126 1886 1254 320 72 1556 1881 1325 720 897 368 645 1204 531 1730 747 
1787 1371 1595 1646 859 1853 1509 287 1699 1806 1514 1345 1731 422 948 208 659 201 879 730 108 759 54 1180 8 773 176 1211 1303 1905 309 1441 1627 1903 1087 486 107 947 1124 1805 752 638 1502 834 1411 449 1393 70 1001 272 1151 1109 1382 1557 288 1389 329 463 952 1984 719 1260 1424 346 1515 862 1183 1973 1808 658 130 912 1295 1631 1745 1058 79 1138 1127 1079 1761 629 187 1142 185 826 883 866 1640 1834 849 359 1445 624 1056 1311 1486 590 1284 1645 
1247 1413 556 894 1043 301 1951 1121 1790 1429 551 1550 57 738 1043 242 1915 1925 1459 1555 110 659 265 1555 1282 1320 1217 1119 261 500 764 1507 264 1319 400 1306 1971 702 778 112 130 1329 13 187 418 1056 780 684 980 590 238 1090 1248 854 996 881 525 212 2000 785 712 1115 644 1327 785 1043 633 1108 97 1762 1219 226 1442 1232 764 211 287 1895 895 1618 836 1484 1059 83 338 54 1316 1214 618 1315 1999 1681 781 642 1007 1565 36 1639 1024 132 
1753 243 710 1546 1826 1825 1757 464 72 1003 81 907 486 1492 990 1175 1545 657 389 162 1971 739 1842 1103 1380 849 1019 1767 839 43 251 943 285 960 489 462 1136 597 925 1207 1599 1357 114 436 848 1455 1963 745 111 703 1258 433 1441 1452 1887 1172 300 905 1290 1490 947 1540 785 1583 851 1273 44 1987 1869 1320 1193 1819 677 1658 254 1876 1464 216 620 1926 1270 1878 710 710 1681 596 233 332 1501 1523 1821 447 1414 957 30 265 229 425 251 449 
1745 1795 619 773 1805 873 648 1268 1440 1620 1194 710 1849 255 1771 1529 851 356 1860 351 230 32 1149 1643 989 1178 1907 1569 1955 509 370 1699 304 988 471 108 212 1470 1727 4 1441 1272 1065 1289 1527 1187 817 377 1542 1028 1079 123 1060 227 1766 400 1405 24 1968 1359 533 689 1409 1188 1677 231 1295 240 52 1373 243 1493 645 1307 781 523 494 1950 899 387 1329 1977 510 388 203 627 1139 1959 650 1459 1669 1182 147 1429 721 175 1659 15 415 63 
1740 657 1555 736 316 335 1258 1161 636 508 1547 1965 484 56 704 1038 1034 1843 1349 1684 1301 1369 1217 1447 1150 1938 1622 1160 304 388 1222 43 1044 776 778 1711 1463 387 871 98 894 418 62 1729 825 1118 767 1859 960 467 1894 260 187 1110 58 1336 1047 31 496 1703 418 1717 97 1814 493 875 1524 307 1261 395 404 507 1164 818 235 340 1935 1353 550 894 1819 443 1505 6 1905 1914 1693 1303 1945 188 1005 362 257 1102 527 749 328 51 1055 1940 
797 1810 446 312 627 681 1003 913 33 1553 158 204 347 1662 561 251 1928 253 1554 1872 441 558 585 1049 11 1112 149 338 1514 1555 278 662 1364 1075 1325 343 1755 327 1255 140 1879 1765 343 226 1778 903 828 1705 1155 381 1576 1947 1291 161 995 1301 1624 1143 1991 1489 697 620 150 413 1694 1826 755 1449 152 361 1588 383 125 1930 960 1903 1184 1787 1607 338 168 1535 637 1810 47 1631 1110 1670 1126 1452 1158 174 71 1659 586 1765 1484 1340 1565 1987 
53 1504 369 177 1433 1328 431 968 1467 38 1305 1634 1572 293 1795 1618 276 1256 1639 1401 708 1148 1574 778 1158 160 894 993 1851 458 979 1903 1961 1348 432 1745 1027 862 712 493 899 369 478 822 661 272 791 1288 1880 781 688 587 280 614 1364 1437 1125 610 429 975 1067 1760 1230 1028 1459 1661 772 485 874 1836 1330 125 204 159 946 1216 783 89 504 662 869 1543 1248 1501 156 963 937 1632 1572 1718 959 639 1477 188 18 935 200 1141 1771 1073 
1328 1452 1197 1883 1611 495 1099 393 583 1954 1054 1803 1848 653 1655 356 1615 592 1987 1539 661 945 529 489 1484 546 1423 35 38 1545 1108 1366 997 656 1248 607 1150 698 1351 84 1003 404 239 851 1056 1893 1206 1022 836 1192 912 1496 489 1440 1984 324 337 1758 359 727 1303 1466 92 651 121 1691 1609 1623 389 959 58 1391 1362 296 241 769 541 1798 142 1376 1342 1054 1224 1830 845 1559 153 1534 1317 511 260 971 328 351 1973 801 41 1581 775 781 
539 832 172 1900 1480 764 1020 20 562 1513 1747 255 918 970 84 1763 529 588 1296 197 1451 1555 1167 130 257 1139 930 297 719 56 1430 1609 888 1601 1508 719 716 879 738 1629 391 836 1883 1309 1806 318 1423 686 1258 1070 882 708 624 400 837 880 1890 119 1528 608 174 957 216 1413 909 75 131 1977 1305 1220 1957 47 56 1840 1707 213 509 1129 898 1766 198 131 473 1173 530 1662 404 419 132 284 1378 657 1592 1945 70 853 371 552 829 27 
124 785 73 531 976 1780 1095 1485 1260 1992 1250 1810 474 75 982 1003 1736 1738 1773 1867 21 1502 875 1612 1446 944 816 168 1848 1644 194 323 781 618 1205 108 397 299 1592 9 290 1194 1818 763 1268 1151 117 1355 888 241 1573 1260 1742 447 1224 1539 1743 39 1706 1590 1683 251 264 815 868 1468 922 1617 1766 866 1625 407 59 1442 1521 1326 592 1989 680 1832 229 252 1091 1970 698 314 1860 792 353 1917 733 387 167 996 1201 1386 815 474 1002 580 
1339 978 1338 1397 419 858 1074 1363 846 105 1194 1426 708 636 1747 1406 950 1606 549 1654 1874 1282 40 40 277 1592 1778 1092 65 1131 23 1756 109 1361 1152 527 570 578 241 1416 682 1434 1193 1390 70 940 1147 1371 897 1695 1024 771 976 1415 1162 1605 1006 939 696 1422 70 1070 1177 178 430 681 1056 1000 1258 1297 767 1939 1082 1959 1680 1503 1250 826 1225 147 873 248 917 1848 1662 78 1452 1019 1017 499 441 1438 1569 1617 1967 350 297 1022 1349 1906 
670 467 197 1752 778 1876 1606 27 1054 831 173 1926 1430 1089 1773 1444 1519 1577 462 887 427 902 324 1995 871 290 697 1519 1663 397 1425 333 864 1621 436 1641 1848 393 19 901 1223 544 826 1005 1984 951 448 1502 879 909 388 1305 163 1063 1652 1033 1352 348 903 1367 744 327 51 1959 299 838 1951 499 1230 1970 1399 805 513 577 1809 848 1879 256 350 1109 1164 737 765 1678 152 416 710 1855 1115 1613 1221 211 291 1271 169 942 108 472 1440 1690 
441 1190 494 1305 118 654 152 348 909 853 1456 424 1942 573 102 93 1340 1163 1947 455 1127 1520 1017 1770 790 1185 711 1250 1656 502 1291 448 43 1784 104 513 789 608 1212 1697 1812 1020 472 1753 1592 925 197 931 88 144 1737 1566 1663 753 1335 804 290 397 405 297 898 1695 1097 1293 1830 1200 157 618 159 1368 666 323 387 1138 75 1978 62 272 909 501 767 997 67 781 1750 1401 1936 39 1798 341 335 1047 387 1431 691 217 983 847 1186 1493 
215 1852 1815 953 1341 242 931 1754 865 191 255 1631 1187 673 763 1288 73 698 1326 222 1390 1661 1621 1777 1443 311 1993 425 1510 1530 270 76 1381 84 1028 721 325 310 475 1189 500 1081 1171 39 1753 1933 1326 177 983 652 399 372 664 371 148 458 1033 492 1235 542 22 1504 617 1754 1939 1997 827 264 306 1653 1804 1158 733 1327 1196 837 1259 521 1013 593 1524 1763 965 539 133 1464 1349 1166 308 583 59 329 438 1028 434 376 1024 1260 991 1329 
912 1147 486 1996 473 33 832 83 906 197 676 429 1959 1640 1320 444 1455 668 1961 1762 1602 371 442 39 1398 876 414 421 487 1757 102 1399 903 939 1746 1375 1324 930 1457 229 1126 132 1009 1436 123 680 231 1578 1347 191 1691 948 914 133 1338 311 1008 1752 1084 1494 1508 1537 1244 410 827 990 136 150 1919 1592 378 1396 1724 1739 831 198 418 1414 1775 117 1956 1466 1416 869 1950 754 1180 957 857 615 802 716 151 398 1477 977 1739 1612 1127 9 
1203 1856 1404 1278 1594 586 1476 12 1999 1602 128 307 1419 1543 1175 1368 648 354 324 1504 968 1478 219 1470 227 1695 447 1965 1306 1925 1973 861 1780 1728 138 1726 665 1965 1737 1016 1567 216 1322 985 110 496 353 758 1202 1028 261 521 857 832 1991 1083 526 789 1047 184 713 1371 1044 492 1450 1533 217 467 1498 305 1482 1064 872 1155 400 982 2 752 91 1203 132 703 76 988 1534 66 71 412 1206 1469 947 1918 1192 1990 761 993 1874 1330 1459 1371 
1634 1292 786 858 798 1538 191 800 289 281 354 772 1335 429 1760 1221 846 182 1984 51 2 930 320 1193 1271 1081 538 1144 410 348 867 395 1640 4 1604 789 1541 1794 1588 182 426 1942 953 113 722 1064 1333 1568 1245 1316 1970 1247 245 290 791 1515 1722 1328 1010 131 1676 1876 877 1667 232 481 455 1772 626 43 305 1404 336 1258 1516 1057 673 848 976 1918 515 946 1164 759 1587 1954 625 1308 1282 1634 1790 1309 1862 1018 975 93 1850 1429 216 476 
1823 873 231 158 482 1746 1567 1154 593 542 1071 1459 1839 586 217 1425 540 1193 1084 173 1178 873 1833 1039 243 807 1483 92 587 51 919 410 923 1149 919 1756 1246 485 909 190 1379 1980 1648 1217 565 216 994 1456 1408 77 1980 586 1302 1812 1976 1896 970 1811 1987 1557 213 1258 318 1487 758 1236 1242 4 73 150 193 1451 481 1841 1019 1398 56 12 1205 1816 441 1185 401 94 1348 728 1989 318 538 1975 1874 1102 1584 191 588 342 1778 1829 697 202 
331 889 4 811 1081 1023 560 1137 1386 1765 1304 178 1301 56 271 648 783 259 965 1673 586 838 774 169 1380 1362 862 1510 1190 1558 1711 1520 447 67 683 1879 1089 1242 1367 826 1358 670 1004 658 725 1626 1306 1508 1885 270 1532 470 1460 305 990 1191 1666 1852 1052 1208 1409 763 1079 207 829 1761 86 269 1355 1452 1446 712 122 801 1370 846 427 1027 705 663 1296 236 1132 1107 541 121 650 558 324 1701 117 1733 815 1196 291 1643 1308 376 263 1014 
180 61 78 301 861 1447 1498 1639 825 555 301 472 790 1432 1579 1682 1905 580 592 228 280 708 312 1095 255 603 1089 1915 1330 1704 1280 1509 1764 1357 161 976 1155 11 615 1979 565 915 451 1354 699 381 1388 955 960 1979 1534 1239 1038 1846 685 1645 800 1774 1559 129 1829 838 1990 1592 547 150 919 1701 160 1533 1680 724 800 130 430 1498 510 1817 804 1821 147 337 1059 1184 534 96 828 1333 221 738 1814 49 1928 1803 1992 474 304 910 526 464 
443 205 1539 1594 686 320 1443 1547 488 246 1367 634 582 778 170 1116 873 1349 800 1093 439 613 1141 366 415 1132 1191 1071 393 1716 1534 1187 273 1424 780 958 96 222 505 583 819 223 1569 1753 1000 90 1220 1872 1790 19 1316 228 984 456 945 1750 1939 135 820 684 203 705 1870 475 129 650 1784 224 1223 640 1158 394 863 726 146 214 1167 1365 438 957 1735 1753 1184 718 561 481 468 851 967 1287 1534 1169 1992 1404 1995 472 405 1779 1047 1979 
418 556 372 1280 1634 869 1494 800 585 283 1756 320 35 1292 1389 595 1772 208 1798 1090 1495 1331 259 1838 1086 605 661 1490 383 59 1821 801 614 192 432 247 1413 277 1047 1997 559 1154 668 946 445 57 1892 568 264 1689 10 110 1020 620 299 457 1224 959 299 1607 1017 119 759 1983 662 1542 229 74 1819 1627 71 729 781 738 1674 1577 1146 1566 497 1410 1254 506 1871 625 1125 170 1434 348 1128 1732 306 497 1850 1064 479 511 958 1059 937 776 
686 1359 1504 1466 448 1530 1042 1594 1095 1538 1355 700 395 1225 1677 1519 1746 1110 219 1226 1193 524 1722 1042 1940 552 1904 897 1610 1192 24 295 550 1879 112 998 1760 1154 591 854 1043 297 1906 1790 1873 1934 1308 1619 1395 1878 844 587 754 917 1980 693 1468 1883 1941 1429 1075 316 1724 1976 546 1835 973 306 1340 1915 1511 735 211 1416 524 436 1701 183 54 1095 61 897 33 814 1813 12 1858 1632 1895 150 1060 1321 817 1135 1296 1362 1322 621 1667 1013 
887 1178 1747 1450 945 622 1885 646 1157 1938 92 1217 1186 125 382 1350 488 591 981 382 1092 392 54 1908 1527 1702 1269 848 674 1288 212 1560 465 311 1009 1761 932 1245 758 88 1534 850 1656 719 1326 389 68 1813 979 1400 547 70 1792 952 329 1670 1005 1598 869 1678 885 1080 1590 1701 1390 950 1461 674 195 219 1113 1728 1420 1121 447 1097 1509 866 1261 840 618 1807 1261 409 1111 1590 430 115 1539 1298 1793 775 729 1382 475 119 331 287 1144 877 
857 256 605 628 1728 1403 76 1237 620 1337 428 1237 1495 1688 1645 605 1277 74 720 1167 1723 864 1941 452 597 767 922 1279 1406 65 156 262 672 1112 1242 400 514 1317 1988 1133 1005 415 722 500 102 366 1456 1731 792 527 897 866 1390 838 1317 338 1604 590 1617 1009 1006 124 1623 1678 1587 1216 429 452 884 416 1584 1889 830 657 740 1283 1023 195 1013 166 722 1910 1383 463 747 1052 801 702 1641 769 63 647 1244 37 676 830 1604 1104 1281 487 
1519 1216 727 700 1873 1466 1982 1247 1661 995 1764 382 1256 1146 844 354 197 1996 1055 190 764 1469 836 359 1857 1511 1188 1460 966 468 1947 484 1684 673 1535 1908 139 1516 1154 151 510 917 884 1765 62 79 470 611 75 1525 800 1190 1345 1635 1549 1202 1497 736 661 462 1556 959 1297 1591 1632 831 1498 122 698 651 624 1560 1919 1507 1676 332 1585 146 942 11 1670 1741 1201 1366 1727 1101 567 1575 1836 1228 388 1743 538 1684 1333 169 866 830 642 1564 
1832 1265 1123 1750 771 1150 82 708 1295 1023 718 1316 1116 1918 682 1194 1018 1248 769 1206 827 1156 948 1365 1192 633 1885 57 1462 879 1972 1646 143 1446 1395 1266 596 1828 1973 1890 1203 690 1206 318 960 1887 1511 329 1486 631 1886 665 1787 1186 381 978 1818 265 1386 1631 1143 1710 1276 1638 1155 1023 903 102 850 1227 1992 52 268 1549 721 1227 1787 584 1908 1272 1214 1793 288 1352 1330 668 681 1147 933 67 778 427 128 405 64 1282 1427 1318 1736 629 
544 79 1032 812 1627 105 390 1413 688 297 1036 253 442 1676 1605 1771 343 285 918 1275 703 47 54 830 451 117 464 230 1787 199 858 330 277 1889 1141 255 1993 1531 19 1032 179 1406 1285 620 1081 1241 743 1424 1877 1660 1050 932 58 1103 1761 860 1572 576 1089 1358 774 1946 39 1402 187 1532 1656 531 1414 1674 1563 1592 1080 1199 564 160 791 1306 1583 667 1317 985 1598 1374 87 1711 585 10 286 1674 1719 1412 1971 1758 813 509 1289 469 1040 702 
494 954 645 1925 152 1560 85 1294 865 19 1960 533 1003 1910 258 1442 1620 843 1803 257 516 1522 1668 838 1631 833 1347 919 1653 386 1972 146 1691 968 71 1842 528 507 1487 1744 877 1446 277 1880 1707 886 1673 1678 1728 1475 287 595 1348 1954 1433 978 1138 1131 248 790 1516 571 1288 1206 1539 1710 1399 418 216 885 513 1092 682 1141 1323 741 27 1347 418 106 822 1056 701 169 1010 485 1499 499 1615 1746 1289 1482 317 928 1039 207 637 789 976 1204 
25 1488 647 1058 629 1970 1798 655 1668 568 1112 489 1623 1812 1010 984 648 508 1483 614 605 1123 95 921 402 1485 1479 1038 273 454 593 297 1942 1239 1355 922 1560 1152 1928 1228 71 1039 68 1694 1203 1429 1029 1850 1936 511 816 893 1985 910 165 386 747 1644 1775 1019 449 367 1316 742 1958 1022 1663 1869 525 1942 1096 596 981 1516 641 183 944 1669 384 1232 532 1199 124 868 461 640 1254 1207 283 1028 225 732 1747 1892 1825 1704 1265 1488 1924 1790 
1429 1372 737 761 887 1377 943 182 1397 1679 1765 280 877 240 1148 1337 880 753 895 1162 132 1120 245 1878 1363 70 1933 628 1909 1857 769 1689 1228 1505 450 466 1233 1744 647 981 1774 412 1261 651 651 760 339 1530 1512 1234 1044 1995 705 1640 225 419 61 157 1398 1969 365 166 10 1944 1670 459 761 902 554 1760 235 328 523 1847 1330 1525 606 20 1055 469 1605 450 463 661 441 687 1080 502 1196 477 470 1912 643 831 208 664 1641 968 1918 195 
1079 152 874 1601 1998 203 1126 603 574 532 1423 179 981 237 839 1421 924 1918 1922 471 747 744 734 1741 1926 941 404 1567 261 321 113 1339 824 986 940 821 1540 417 1775 113 948 1197 291 1928 1786 1482 1700 1061 1751 1974 1531 497 1069 616 237 994 1557 993 912 169 1665 1024 1859 489 9 1150 1309 1900 1566 1436 365 513 984 655 792 769 488 844 1829 239 817 1711 735 237 327 1324 1582 235 316 494 403 1980 1517 261 468 1878 1763 129 1777 1328 
1564 141 1841 899 1148 632 1668 1635 1475 1496 225 643 1559 960 1231 1885 635 813 119 950 1658 873 1281 1174 1485 101 1403 1247 581 1532 575 496 24 767 1394 1523 1398 1061 1158 1225 909 1382 219 467 693 1450 703 1327 614 1173 628 271 45 261 1796 1529 361 1551 1128 941 1082 54 1788 1105 820 1181 628 569 594 137 145 1854 1870 364 672 915 165 1374 593 1130 546 1221 1752 942 1481 1899 822 193 1449 1949 1485 530 2 1272 1987 1173 804 966 1742 1397 
1454 1886 1250 1675 601 273 589 765 1646 1182 1894 543 754 1997 1484 586 1896 658 778 1344 606 262 226 960 1885 564 132 688 1529 225 437 1334 111 38 1008 711 311 1597 1828 308 1130 73 1203 235 70 1038 820 1965 1695 1949 1308 653 562 1533 1612 446 96 95 1485 1976 320 1921 1309 430 1959 669 1492 621 265 1319 928 1746 1392 130 1980 1813 1168 1151 1777 862 1099 1084 1866 1660 969 1477 105 1416 1924 1941 1744 243 1862 1404 1024 1820 72 867 440 688 
186 1719 433 1929 1849 764 1741 1368 1914 1869 581 1364 1304 447 1023 272 275 1479 40 198 1420 1783 440 1633 1538 1815 1452 1610 682 243 297 1219 313 1082 1499 513 1845 1591 1880 111 1459 813 1826 1114 1611 849 1386 1885 679 1777 83 450 1911 874 82 1448 1041 1885 1057 74 479 1354 1292 792 787 1142 1304 983 732 1536 1445 542 348 1271 1655 1958 471 1392 194 1149 1520 276 1599 1430 1502 1680 878 894 1917 286 967 395 1991 258 1186 777 1751 490 1760 834 
377 1204 1727 724 474 1733 1033 944 1125 1226 445 644 1854 395 426 1707 426 1655 600 342 1940 1566 737 1931 175 1922 1059 1925 763 1170 1110 1139 374 836 214 1199 568 1246 495 44 824 1291 688 1029 1685 1465 735 110 1119 1686 452 1058 1603 1188 1340 1777 1461 399 53 224 1920 1162 1362 293 349 1576 1844 916 1173 690 960 348 1980 1999 1376 16 1463 462 125 933 147 928 1990 1749 467 1682 1877 1928 432 281 151 351 1794 1864 996 142 1791 1191 1410 1316 
1880 369 1663 211 719 1391 226 181 1852 702 1113 1999 1982 1454 99 448 1487 328 375 1918 608 877 621 402 1093 1616 895 883 806 304 550 1037 1024 213 1599 1742 1603 176 274 1806 1229 1738 1804 1210 1192 255 1658 678 582 384 948 1541 1261 1568 294 353 1535 1541 1587 692 1844 137 1728 868 701 1326 961 655 1853 1235 460 1081 972 616 291 515 1222 300 1545 155 683 492 1695 1943 411 341 647 1945 1881 586 636 76 1074 715 943 1774 392 256 428 244 
1490 1239 1324 461 1854 1966 1328 1427 265 872 1581 948 1363 1276 1242 1773 1968 241 69 1848 826 704 1923 1899 1770 1218 24 161 1473 803 756 1314 41 79 126 247 397 1453 1673 661 324 1254 1608 38 881 1202 162 848 1442 230 1047 267 1285 1321 517 1054 890 540 1566 714 1342 321 27 1382 752 505 1980 1148 1957 1653 1808 633 1258 1768 670 490 969 832 1337 410 1061 735 1028 698 55 1544 1751 945 83 1669 1658 1424 1989 37 1157 1092 541 1137 239 497 
1141 399 1129 398 166 151 1239 1134 982 927 1895 394 1661 922 1091 67 465 1194 1011 899 862 1021 322 1202 1409 1830 294 1949 966 532 797 458 930 278 1207 1447 428 445 932 1761 1371 826 154 1031 99 1245 1450 915 790 812 1813 1651 1832 486 1204 1240 316 1497 1540 1633 381 337 443 1662 614 1649 1109 1393 94 392 1153 1816 1218 1306 1199 1668 902 648 935 1691 1459 747 1693 1643 1585 897 1234 252 745 774 236 1125 1110 678 787 75 327 247 1467 772 
990 619 587 559 1924 137 227 1178 784 1161 868 595 259 913 237 1843 1809 1470 446 553 243 682 30 1704 1359 1168 1778 37 1766 1596 808 755 214 1747 1314 490 1883 1540 1667 1019 1052 886 1613 1310 150 201 1505 1958 1670 1950 863 265 631 892 320 342 411 450 378 176 45 1538 930 611 1636 243 1100 1870 134 1118 888 1185 355 852 847 505 1052 351 814 1074 652 1676 1338 1635 919 1657 1976 1329 106 705 1504 503 242 786 1113 1877 1028 212 99 1514 
1681 986 698 387 190 1896 891 1241 246 57 314 898 84 3 532 1003 1660 859 683 117 1563 539 619 1805 1324 1731 33 703 294 483 216 326 1469 1266 1065 1658 1161 307 1250 1407 363 1916 656 447 1918 1539 1801 1577 397 483 46 311 1021 1016 467 344 1099 852 1047 1744 1334 1262 422 802 879 1486 811 40 1792 413 1798 155 328 453 601 245 343 401 174 1091 1235 571 1401 256 1586 1868 951 684 719 1997 780 52 1611 1201 1206 489 686 368 880 477 
780 677 983 1459 1129 1935 1704 1823 687 229 913 1922 799 314 177 736 181 1479 1772 899 1476 551 1302 1438 1751 507 278 788 1227 1158 1616 6 1834 599 1817 1315 533 1520 1137 1220 100 50 1493 1250 363 21 1985 895 1499 1756 145 1326 658 1446 763 408 305 1393 1547 1531 550 1163 1888 735 1761 1704 49 645 1575 1538 216 1674 1939 1708 923 653 1728 1260 1547 1227 1015 43 552 25 1488 1667 784 144 1059 331 1674 1960 1493 1914 694 1605 1617 1095 249 1192 
632 817 1217 570 524 492 1574 604 1751 1120 182 1117 1514 1085 1141 1001 751 1925 1497 161 255 1522 120 99 1435 1166 1703 1052 260 303 595 1243 1119 1811 164 1995 654 1737 598 404 1208 779 1521 721 1863 1013 73 966 937 1569 1126 1543 1443 1598 1641 877 763 1695 280 1374 1998 1226 968 1468 1389 1131 1462 42 1219 411 446 426 1541 318 1498 1404 1330 1570 721 267 1491 198 1809 933 147 1802 161 1261 1496 441 634 1845 18 1601 1313 1406 1083 1126 1448 301 
1537 245 1078 1077 562 575 832 1891 145 1904 509 1987 102 670 919 600 471 1079 1861 1966 1871 846 1811 1889 447 1123 1646 1881 600 1093 182 488 1689 1611 1917 250 186 748 493 682 1004 1353 668 1457 22 1938 56 492 1016 1916 458 1239 762 268 1479 1560 1742 1124 1440 693 569 1973 1181 257 1936 1097 859 121 196 1703 802 1199 1055 1821 655 1077 1758 1063 1568 773 978 377 363 91 996 1841 2 1089 1317 1794 1782 1885 1766 962 493 1701 58 1703 173 605 
1405 1326 1804 460 1146 810 1888 903 1872 1455 28 1202 184 742 1644 1179 583 1646 268 251 1439 49 135 1556 1362 979 1609 1771 682 1781 375 438 1107 530 897 604 1340 1136 1859 1563 591 1886 1116 1126 627 760 304 1561 405 923 1811 1843 971 297 1398 684 1628 1006 454 309 1139 829 746 597 1710 1995 1200 1049 1130 1058 964 72 1295 79 1197 274 1190 1853 1834 1594 775 1997 1788 98 645 1538 781 272 895 1235 580 33 415 1678 629 124 24 181 1525 1505 
1590 488 1577 885 918 1125 1158 108 977 1343 53 104 1691 1841 201 336 1378 981 607 272 567 1539 657 981 1568 1637 1457 1591 169 981 1095 1759 1820 1023 995 1089 148 504 1196 1476 198 1601 1579 1889 1793 131 224 1170 1464 1182 1793 30 720 801 1011 287 790 467 229 958 1799 1324 716 1618 698 62 706 1197 565 254 673 763 206 603 651 1998 1086 1226 1519 549 407 1663 578 1479 464 1940 117 1253 758 346 562 556 21 1278 525 718 1691 1583 1915 256 
188 939 1018 393 1893 20 742 978 1597 260 1526 3 274 456 1833 737 395 1950 341 1505 295 903 60 315 532 937 1384 222 871 1298 829 1058 588 198 1802 481 569 895 1458 165 1154 1336 520 1427 1791 352 516 537 653 1208 41 947 462 453 1613 1345 1389 997 1919 611 646 747 20 1234 1297 1821 66 1865 1067 1523 30 220 1210 549 1998 1352 1252 865 1889 1905 73 1929 1203 886 733 816 231 473 164 149 1083 1161 1247 1102 746 543 1274 811 408 340 
686 437 911 1895 1337 1261 1247 940 125 1487 844 549 1767 399 1435 500 1214 17 972 1729 165 407 889 1411 1508 1635 306 1134 445 713 1473 1482 1501 736 1377 1189 1996 975 128 472 461 1324 1021 227 74 807 726 1287 823 50 1367 1339 456 607 1101 315 593 1406 1448 1390 470 1273 871 322 8 247 1510 355 1221 1990 826 33 1665 198 260 1738 1356 985 1376 530 1034 1094 1868 1841 1700 1321 156 293 726 1603 34 1548 1227 904 1869 1234 1503 1731 1940 1075 
1720 1118 1108 1736 1315 1367 1473 1023 703 1200 1552 89 293 1772 1929 1992 1092 436 636 169 39 669 1716 1265 1573 1937 851 1427 1667 1142 501 1738 259 1608 1473 1926 1326 945 948 29 144 851 117 436 622 397 779 1713 833 1415 1882 1223 435 1949 839 359 1885 41 1785 1903 1183 286 1640 1793 245 1112 1718 1571 408 1017 1599 903 1868 67 1690 841 815 469 554 1647 235 787 1221 669 1087 60 1028 1324 452 1164 1226 1634 1449 866 1427 1694 1977 1496 1264 385 
865 1214 1639 732 1280 1329 1572 446 1797 477 445 31 1615 1665 1051 1054 76 430 377 528 1594 1954 513 1394 819 291 1087 1148 1787 702 1884 651 1915 1522 1734 1546 850 1657 344 646 486 788 1028 452 452 431 1505 880 1212 233 1759 805 187 271 551 1005 562 1637 504 700 691 387 1702 957 1909 1787 855 1110 1795 1198 108 280 1985 1487 1084 788 1917 940 19 1129 1173 1777 285 1359 48 835 715 961 824 1571 12 1866 1957 65 822 217 203 28 1327 1997 
1577 1786 629 1913 1272 1712 701 1541 1003 1071 1021 175 848 1305 1885 1247 492 952 207 1667 522 570 1532 830 634 705 1047 836 733 725 1184 309 510 1812 222 133 1875 1274 1673 878 344 693 1404 1543 1998 1289 789 841 592 995 507 1113 1916 390 1942 549 1094 1340 1736 178 416 920 487 1277 1083 1060 1410 958 685 1082 187 1028 127 1590 923 476 878 1711 1316 1469 1058 174 933 973 563 1227 1874 8 918 1609 186 1334 880 1024 962 315 83 371 1272 767 
1805 1810 146 1931 1399 1068 406 629 779 73 449 188 246 1382 1160 1160 960 1385 1167 1877 1346 1352 1210 225 375 172 539 457 894 162 1575 1050 1971 73 980 1722 1492 1737 350 622 1809 798 809 406 531 1969 1565 1490 1353 732 1367 698 83 928 1275 810 1451 165 1618 697 679 1193 1746 1001 1617 726 722 1108 814 1423 1730 975 221 538 1380 1103 858 1297 593 563 28 1959 1260 462 1238 886 1271 689 1403 1241 1385 81 433 1130 1081 401 207 155 1508 1373 
1577 1237 347 149 1775 78 1252 632 1374 196 1194 1401 506 806 215 1743 43 1837 783 1445 1077 519 1525 1861 1 958 261 207 1112 1769 1931 1040 1357 277 1189 1131 355 792 115 1728 1339 1660 1481 1844 817 47 1586 860 1883 721 304 1312 1239 181 1172 1239 1490 1785 1798 601 1905 1728 1992 1261 5 1532 392 711 675 858 790 13 517 270 1856 1686 316 1794 545 551 514 1200 1862 104 1732 1033 1343 1221 1169 1492 173 1073 1219 517 334 1575 48 1077 637 723 
1934 1427 735 802 1696 943 487 364 1088 1383 914 1601 935 775 56 1018 159 1750 239 1328 1241 763 752 460 1279 1085 386 1679 161 1023 401 446 449 1487 1248 496 781 86 859 1868 1821 124 1820 1107 898 1876 124 1409 1625 714 1088 866 1477 1839 1677 1107 924 414 785 1436 1436 1537 1882 236 1376 1481 732 156 1918 1942 24 1738 66 195 1196 963 70 1320 723 47 33 1810 1264 1861 1649 940 968 924 1353 104 359 1141 1641 240 1376 1368 1720 107 1523 1638 
49 1898 1727 466 445 923 1428 514 594 503 912 626 312 175 839 312 1114 158 1235 819 613 1594 311 605 185 1686 1972 257 145 1847 1894 545 1744 1972 1010 540 1246 789 1054 1839 1291 1965 817 1955 492 1655 266 1605 164 1501 775 776 1446 1085 1381 1630 1123 1352 1886 1267 1198 131 163 1294 455 1172 1833 1700 312 1238 1539 1603 1555 707 1909 46 713 174 2 876 26 1129 3 1471 565 1383 1101 1687 1087 1338 1305 636 1469 1467 281 1923 990 466 1974 1302 
55 1864 1256 1609 570 1164 6 1282 1689 360 509 1715 1840 864 1185 404 246 637 91 1684 1975 1747 672 1795 1214 952 69 555 1769 394 1856 1824 258 1463 1784 1179 978 142 813 667 501 1321 381 340 184 1917 1095 782 906 1185 817 880 932 1488 1026 497 792 1446 1051 560 1839 1259 383 96 1073 167 1275 51 308 87 1069 1160 1759 1801 1851 295 1717 945 1428 974 482 244 1853 1765 1732 1230 613 523 675 1663 1082 514 1273 1817 609 346 335 235 748 994 
673 1816 153 432 1616 355 1078 1684 1299 505 658 132 748 862 1896 831 92 860 1705 1118 523 1139 1631 147 955 592 844 1641 1178 1591 634 1851 1406 1138 634 1373 1492 1711 1409 1142 567 418 1626 1666 1631 1873 497 74 733 201 1192 1607 1691 1174 1753 997 1765 597 637 1295 187 1270 1145 1945 407 130 1669 250 1840 1429 1744 406 1846 1369 71 1829 1593 919 1902 325 1472 1093 1931 1162 619 1684 159 735 632 795 29 818 417 1173 1114 1175 1654 1135 1777 1493 
563 1872 250 761 1592 673 589 1184 1943 490 1509 1414 1935 1439 928 905 1474 1438 1639 105 584 1668 1275 1352 1192 740 527 846 1874 655 690 437 526 1292 1197 117 1964 137 1300 258 978 808 24 912 599 951 1816 72 740 1807 529 1323 1474 155 1027 1017 894 1553 1862 768 207 904 1204 732 195 752 848 510 1240 499 767 217 1307 790 1481 257 92 1648 680 1183 1454 1208 858 1279 1362 1884 296 256 1788 509 1375 1994 1412 930 1077 1606 1681 276 467 1272 
774 1234 1488 432 375 1320 688 819 968 1368 353 773 575 1210 52 289 1093 699 896 880 1207 270 1225 619 1199 653 576 1231 928 1043 502 1702 628 341 485 1354 1661 1173 524 980 540 877 1752 1466 86 155 106 1531 853 1001 762 60 1270 339 1030 468 991 1957 50 1919 1351 551 1972 1978 892 456 1684 904 1980 207 1883 871 1083 1634 689 1521 1789 794 1403 993 147 164 1052 1768 502 433 236 1845 390 637 1763 1740 1188 86 70 431 893 1753 1334 873 
311 1216 95 1746 1201 783 1618 1341 1929 1020 334 75 1535 1737 1842 389 170 429 233 911 1066 347 1002 605 432 1071 1035 1676 1175 720 548 1486 1935 995 1583 1487 1777 1200 828 1705 219 1513 131 105 1601 1973 493 1770 753 1077 1032 1818 1423 34 422 206 1456 1808 1882 631 527 781 468 813 1775 50 300 1552 1601 1479 1608 1819 1343 1739 275 943 63 768 1065 815 1844 96 985 1267 481 1758 1824 1937 1566 1705 919 444 486 1386 1257 612 1787 1908 515 1387 
1738 123 1557 1080 213 1831 22 275 950 1438 1441 794 1886 425 412 366 183 587 654 100 292 1572 543 1129 1309 1799 1740 1447 58 255 1185 1795 729 1093 874 941 924 1248 1567 225 1037 1007 1018 922 1432 1781 1640 1966 368 293 65 1011 217 607 491 1877 758 230 1676 1167 836 860 962 1916 1953 187 856 1228 1786 774 1452 823 1781 822 1744 1564 954 1735 1529 1673 380 1593 1035 596 551 1525 824 1660 107 499 827 942 1711 1788 858 15 326 65 1242 112 
839 1045 934 619 1866 1029 534 1172 764 62 844 1495 6 1879 90 908 1403 1265 568 1861 116 1746 803 178 1885 12 192 210 76 1785 673 1266 829 1606 236 1047 987 769 218 102 830 1413 1596 1187 1643 37 95 1398 1653 1014 1258 1768 759 60 1945 643 423 136 1204 499 272 1877 116 1101 1834 352 147 820 1120 716 1273 302 480 868 1488 123 1256 1934 1520 909 947 777 676 1705 1189 973 699 1611 1460 255 461 1732 131 577 832 1964 928 1330 1136 399 
397 408 700 876 1628 188 998 883 121 869 1791 1068 1998 819 1124 1186 1791 175 1148 1250 429 1961 1333 911 889 516 1226 1816 197 361 566 593 1121 1266 1821 748 1453 818 1982 1925 39 125 1344 36 943 820 1221 1085 994 720 686 1774 680 19 684 1568 534 1909 1735 731 622 301 1323 1742 1566 1495 841 1370 665 1174 1294 703 1298 990 738 592 1809 310 1676 802 1381 362 927 61 380 1610 1980 1265 1870 1715 1995 491 367 1670 584 284 1164 1776 1653 1828 
950 1298 882 599 287 1619 1191 95 280 866 1248 1661 1579 174 1721 1958 1783 52 1223 5 1766 1569 495 484 1238 1431 767 754 1206 771 933 507 69 1815 1106 707 1785 296 802 65 1513 401 1725 1092 575 1797 1401 709 1848 975 713 1966 544 1560 449 133 1342 1568 1238 899 338 171 1406 758 1985 511 1465 1769 1158 618 185 670 1018 1909 113 1944 57 1514 653 257 488 1717 222 1031 1628 1022 1516 1321 589 753 220 1279 923 1625 36 1259 487 1500 1028 1644 
117 1212 665 1487 1473 778 1430 1529 291 434 137 778 503 358 161 482 1732 1676 1803 672 428 22 1950 1351 1998 1986 961 484 1837 1988 127 306 1552 791 1792 1376 1920 1221 1256 210 7 1393 1340 509 102 1500 990 1833 1175 792 857 1954 1165 806 1656 1162 1143 617 1645 1332 956 123 1637 507 1266 1428 234 1185 1000 1490 1747 1358 882 1086 1866 983 585 1208 1168 111 1999 24 416 1516 1181 72 677 676 1040 674 7 1995 796 1643 854 413 1422 1087 1950 773 
928 1696 131 1809 781 348 1144 1717 1555 311 179 1906 686 594 1421 1866 1017 449 893 408 1122 899 755 270 893 1608 682 666 1046 631 1439 1974 326 1921 1782 1458 620 1277 1174 175 1939 1704 432 624 650 204 842 18 652 1734 426 1774 633 1180 43 1877 1139 724 543 184 1707 333 509 32 605 643 1842 1224 1919 1015 1750 1858 1071 533 481 1720 736 1674 89 1388 1408 866 1161 392 45 1555 268 1535 278 1162 1719 336 1846 227 368 450 1221 209 26 1140 
1575 1775 997 997 660 1829 1068 1395 1855 1157 782 1262 22 294 5 419 1848 624 1953 478 1786 23 813 1631 602 1180 433 1822 1740 458 961 1667 584 309 663 1243 490 1731 638 344 887 1771 1957 1260 65 313 1678 1912 936 1631 389 1073 5 1202 1056 606 733 1488 428 825 1945 1740 491 880 49 1153 475 890 883 1112 1585 121 1234 1541 1381 1298 1853 1410 1562 1140 1392 1950 213 1397 1503 1268 2 236 755 781 1412 1051 521 1902 282 921 1054 756 1810 289 
219 1394 761 1453 1286 493 750 1490 255 663 629 1646 613 841 1042 467 108 1396 1054 1214 176 465 616 1048 366 898 320 1772 1653 129 412 1872 1874 1172 1324 1511 17 425 1000 271 1088 1981 1916 52 821 1310 518 1281 1057 1924 846 1584 388 1462 632 754 359 951 877 11 1432 1288 234 1657 811 1909 1520 827 334 871 1449 1773 851 1717 1824 24 1026 693 1656 82 616 501 1665 1356 314 648 461 1024 1951 1337 1387 1734 976 1620 1390 1786 1529 909 965 214 
132 765 1986 982 481 161 1005 1506 1205 1012 1939 1821 1513 1956 1528 178 603 1988 1202 553 1324 588 286 299 207 28 436 87 1288 1752 300 1419 517 637 753 997 797 109 855 2 1121 793 174 985 1100 1701 1162 1703 40 363 607 1363 950 1245 13 1509 1624 448 1595 1263 200 1895 1034 1068 531 1786 64 1680 1894 1270 33 1014 415 558 1998 1514 610 1512 1568 649 1874 175 11 1176 1771 375 684 1746 822 630 1008 1373 876 41 440 1407 178 856 1438 72 
125 1470 1437 539 379 1787 405 988 1298 1972 1636 1523 498 1998 698 268 372 1733 365 1545 363 1725 1270 1590 1765 1709 996 1943 916 785 366 1393 606 1802 283 984 1588 687 1971 1237 659 1958 760 1156 1955 1809 1776 678 1894 140 223 256 216 1492 197 1981 1552 1193 275 820 329 640 212 935 793 846 1918 381 1533 241 1969 191 198 728 1698 505 537 1473 1534 430 1965 108 1037 180 1599 1233 512 1503 777 1138 674 1106 1777 1237 392 922 82 309 1654 1614 
549 1622 156 747 350 206 1603 1238 30 1136 19 1994 1244 1407 526 1194 991 1389 1048 1768 527 1721 1225 655 957 1616 1928 1391 276 1581 1356 825 1203 1512 1923 1552 1717 1877 1141 1746 1012 1159 92 607 917 969 1801 1907 709 1200 26 1587 921 1250 594 229 1217 521 1971 1845 102 1327 669 1304 1190 943 1207 1258 1171 699 1355 182 209 1446 1141 1125 766 941 1031 1827 140 1057 1413 1412 658 6 1993 227 879 1963 71 980 1641 1091 635 830 33 1841 87 1203 
539 1442 1736 1099 1239 876 223 357 168 1253 183 660 661 1947 71 1671 1953 415 1897 831 730 1967 162 370 1057 796 1200 1441 988 1638 995 1878 1079 730 976 670 1958 1198 1026 125 802 1208 784 1463 1506 1207 1133 1810 1973 1381 992 702 1347 1153 1072 755 1948 623 195 935 260 1189 812 1339 270 139 360 227 1336 1385 704 138 944 1487 1952 449 1045 1436 259 1018 816 1250 1719 162 755 1142 916 1054 1764 1462 1989 24 650 1152 1714 919 1291 73 1498 978 
1809 201 1115 752 39 1418 1552 1084 853 162 453 1668 1412 171 181 518 1665 1448 1571 1428 909 1911 1803 1910 1063 1868 1181 705 1940 678 34 100 1230 1501 851 1268 918 755 703 123 916 1155 142 679 1678 323 1196 1342 122 767 1121 1383 677 924 1644 91 791 824 1147 1083 1853 1181 1182 1082 681 385 702 1598 1139 1404 72 54 911 214 733 588 888 1928 1929 1361 694 1049 743 1723 324 387 1813 1115 1562 960 549 1415 140 1730 848 1172 114 1549 1121 1252 
1305 1193 1658 215 1406 390 802 293 669 1082 1653 1715 482 748 1437 806 1486 1601 272 1047 560 820 461 1051 549 1661 222 1015 1209 1343 618 513 887 275 1079 292 1016 1880 936 37 1313 940 1751 1795 39 1539 600 1524 1139 1223 571 51 42 1383 1453 942 1043 27 308 252 1721 926 1116 607 1200 195 898 568 426 185 604 1739 1476 354 1533 1515 244 484 1038 1734 1706 1608 136 99 991 1589 1392 33 1615 1700 636 1687 625 104 293 176 298 1542 743 1075 
1726 1698 813 1201 403 345 715 646 1180 105 732 1237 1712 867 1335 1054 455 727 1439 421 778 426 107 1402 529 751 1929 1178 292 1024 253 369 721 1065 1570 1124 1762 636 121 941 1092 852 178 1156 1719 1864 209 525 942 1999 1298 1719 425 1756 1472 953 507 1401 131 1150 424 383 1519 1496 1799 1440 971 1560 427 1092 853 1519 295 1382 674 365 1245 1234 890 187 1233 539 257 9 294 1729 1313 1152 1481 1443 302 256 177 1820 1751 328 1611 722 1887 37 
165 739 1555 811 120 580 1176 1717 166 417 255 1398 955 511 1758 1600 591 1070 752 71 865 1053 326 1393 1224 429 1720 834 1502 1607 1222 18 697 1129 828 1169 1708 355 885 1873 771 1491 1622 77 1 1379 29 592 801 780 1014 1665 184 1692 1409 1759 120 1129 944 1621 1087 165 1990 1783 1293 817 1303 1001 1172 539 1225 294 29 1199 723 30 577 751 973 1729 1882 338 1745 65 29 1154 175 500 282 1118 472 1368 1282 461 1502 575 1278 1157 1927 801 
1695 1503 1446 1724 701 520 1753 1630 1270 1077 1358 1503 1414 1103 1567 1795 256 93 294 889 1210 766 608 492 1578 461 1418 855 1617 1344 7 1312 846 1805 1035 1899 324 1139 1528 1594 567 885 1448 332 339 1015 126 946 1459 772 1834 669 1889 793 1160 1466 1254 577 673 1222 272 1031 533 1469 835 1919 1367 1159 1409 894 1104 1975 131 551 307 469 1917 784 1415 1376 1555 1600 44 1443 393 1555 1261 1998 483 1933 1219 1106 963 104 574 1798 22 293 1308 1431 
1538 411 1757 1668 1313 63 137 1230 847 1903 957 753 1854 1000 548 246 906 1808 595 1388 92 166 493 1054 269 1418 1203 642 1710 510 424 1248 1272 181 1267 937 595 1755 166 1441 1657 1474 546 1511 825 1093 108 1730 1252 1055 1469 1343 1220 1961 396 1488 1730 1951 129 1792 812 905 1391 436 1085 657 1372 1679 412 1889 1472 420 1362 17 282 186 1461 390 267 712 1444 1735 54 1015 47 801 502 1776 751 982 1919 1563 1886 1309 350 970 318 1721 1001 729 
1961 472 1500 1322 840 1782 1859 300 523 125 1011 318 1859 1064 1332 1905 1864 185 32 967 1166 1951 881 1404 1259 1230 725 1576 950 1725 656 1262 548 508 583 1387 289 793 1686 1163 917 696 1832 1127 111 1515 1031 1975 1699 1062 1293 1216 1012 173 619 623 1402 1696 550 703 1420 1206 1964 1968 65 898 1354 705 1690 1392 1867 606 439 50 1732 550 1564 1114 876 1614 527 168 829 1891 340 1800 513 93 1847 1414 795 1266 971 1110 1585 1035 7 939 1739 1696 
682 1957 653 1120 6 736 1669 1569 201 896 1534 727 1415 715 969 1754 866 1481 198 712 1247 992 1977 217 101 1562 1252 459 852 1342 506 1885 1299 1510 1004 1304 245 1025 1225 797 1920 758 1876 1335 1824 844 1440 689 677 1638 1400 1923 981 1729 491 1434 1642 1742 1892 493 1436 398 377 734 1907 1732 389 504 756 1613 1300 1028 723 1527 714 546 371 153 1235 1047 142 986 1321 1123 714 1811 556 355 1905 799 847 1340 1196 1575 73 1455 1307 461 1958 414 
426 1609 1441 1500 1136 154 45 1858 659 1631 904 800 617 224 274 1330 386 1181 1685 290 1980 883 1629 1527 810 53 981 468 866 1290 881 1291 1251 674 790 738 1179 1186 595 1837 817 1850 989 1433 425 1614 762 810 1147 798 1100 1126 33 1080 1004 842 1133 1985 1309 1998 1626 541 1640 876 1566 781 1613 745 1966 559 933 782 408 273 566 832 1887 1680 1994 1033 477 1093 510 509 172 1865 1702 1656 201 1010 5 1827 1903 1644 1054 1468 424 1019 564 742 
1577 1497 1523 1985 121 441 1168 7 120 1161 1391 948 605 252 1809 1129 117 1510 784 317 872 789 495 774 784 1549 593 1560 567 1157 301 143 1005 175 479 1125 615 1999 1484 734 1159 1226 34 1764 1478 1842 1244 1946 1351 27 614 222 1167 1109 1347 303 1009 292 1862 1575 1448 162 69 804 336 900 1928 951 898 1411 36 408 989 69 523 466 262 1766 763 1613 145 1376 186 1663 836 1885 1965 1844 176 1826 1770 1975 1987 191 778 675 1090 705 1977 339 
468 364 746 1456 785 1621 273 1046 1386 1387 658 1882 1114 1196 1545 1950 1080 1509 145 1255 1687 267 1581 25 457 358 699 1546 1414 1027 236 233 1391 981 40 175 953 664 1220 339 50 230 572 1164 1777 116 1465 856 1977 1961 462 1663 227 42 39 683 751 1090 580 164 116 815 397 1858 148 436 32 1100 1100 1604 1790 1501 185 362 1016 313 829 832 1168 1157 793 1981 1171 1019 374 1210 54 1124 299 985 1287 414 1800 35 624 299 823 1007 1750 274 
610 1892 1774 1146 605 1142 1458 1433 1973 977 942 765 1309 112 136 1682 1321 541 805 1619 1525 444 385 1676 830 1008 1974 1652 14 76 277 976 1967 403 473 923 1544 283 707 1516 1611 1648 633 920 1760 1120 953 1080 1660 110 1051 1184 905 1435 860 1734 794 1185 1738 1159 1612 14 486 1930 416 959 852 1959 1593 1559 1827 1203 1206 459 474 965 1578 1427 397 1589 1536 1447 772 792 1233 1983 525 26 1520 262 1536 1131 628 22 1413 1043 1332 264 1354 924 
1822 1180 478 1380 1990 952 344 1919 730 740 1507 617 538 630 1408 1770 613 284 147 484 898 1683 1966 1525 56 1378 919 1739 1642 272 662 1815 1803 1491 1194 144 794 1890 62 1523 981 1568 491 1519 198 1898 1640 1162 534 1787 1645 1431 1821 1962 955 228 1340 1873 1966 1333 497 979 1147 651 821 341 795 1615 582 1208 1489 1562 776 1980 1432 1325 229 1072 838 762 1210 482 544 1382 443 1498 1609 134 1723 1926 1466 219 904 613 1221 76 1305 15 1690 238 
1223 1531 1799 350 1510 1231 26 90 302 863 1204 1863 1696 1747 1244 490 1597 852 624 1319 777 441 1889 32 1405 1461 107 1061 1828 149 1298 1402 1679 1097 1751 1540 679 128 1981 1332 990 1184 1194 1037 1283 437 1526 1231 1288 501 549 416 942 789 799 698 249 1257 1759 76 1757 1056 1829 1435 504 1579 1326 1182 58 1307 513 1399 842 1706 435 124 142 313 1354 1781 1165 254 548 458 1394 1698 1156 1995 1307 914 422 1063 321 251 850 825 181 175 6 239 
1481 519 1637 323 576 424 798 718 736 504 850 1900 1109 1750 358 503 1447 1513 497 753 778 1270 1816 1098 1520 665 1922 1701 1191 280 1939 672 798 1927 1346 1725 350 143 794 1085 998 1644 1337 107 1393 1694 609 1191 1558 1457 1944 335 726 111 1432 598 1127 1706 298 317 1985 588 1340 1134 866 685 858 1568 1180 1652 652 177 1647 340 635 1039 385 1595 229 1942 1403 524 628 481 634 60 1078 112 117 1727 429 101 666 120 1586 1531 805 443 1098 336 
446 102 864 92 793 1851 1482 1178 1445 63 1119 848 586 1747 1328 1572 158 405 35 626 483 815 1078 1148 935 663 1030 91 1457 480 426 1903 581 1641 346 1373 1491 180 902 936 242 21 135 1179 119 1814 750 276 570 1137 1253 1052 1951 330 199 885 992 1580 975 800 59 1752 702 991 1745 1400 364 1235 1579 1265 522 172 1637 1008 1350 1755 821 452 382 1390 1588 1634 441 1538 315 991 423 1306 571 1749 106 981 1853 1159 1972 1597 910 687 1183 840 
303 57 1011 1940 1064 361 46 1885 1164 780 1274 751 765 67 288 1080 1409 1062 737 1979 1163 1194 1312 1015 705 1283 963 1614 1969 145 806 271 201 1816 562 1617 528 608 1501 1691 1739 1126 793 503 1544 1433 1934 953 494 671 1283 8 216 594 1374 920 228 336 886 196 833 1691 467 1385 1858 1380 1001 738 1987 853 428 77 331 1221 580 1874 653 865 1178 1498 1535 813 1858 103 1758 1231 1022 1986 1919 259 181 1103 301 999 487 159 379 1488 896 717 
692 1675 794 1022 1247 1725 1248 251 589 777 101 476 1589 1958 578 1347 1540 1951 1332 1810 210 1864 912 510 863 1399 1020 1241 1238 267 309 1929 294 1102 1303 1540 1178 550 1791 1767 1326 243 242 1267 552 819 613 91 769 296 253 1330 159 1164 192 1021 914 1211 613 151 1478 1274 432 1771 727 1734 1662 1905 635 1804 1671 312 46 264 1578 597 1434 542 1040 554 1189 1292 1884 1348 455 75 720 1369 1637 1685 1871 1466 958 302 1588 1684 387 1250 1588 1373 
1053 1610 37 1451 225 1966 47 10 508 1438 564 48 729 799 1395 1536 1225 115 904 861 1799 1126 327 1108 1780 1914 791 518 1515 731 1891 568 692 1927 370 917 1892 416 1278 751 1854 1841 799 934 639 545 469 215 1011 1724 1076 809 850 1754 268 629 1667 1059 1498 1534 141 1388 101 832 1666 822 100 1910 1237 1378 660 1442 1570 1810 728 561 355 1196 775 1365 920 1850 526 121 1603 793 1101 1622 203 598 1155 343 338 1607 1527 3 780 1978 1912 16 
1355 924 1810 925 1085 537 1485 1791 84 611 1156 1355 461 33 1475 415 1177 927 388 1732 1525 1894 74 1862 1852 1952 216 631 1930 128 999 1284 1403 1160 560 487 48 396 278 131 1007 1785 1486 1819 169 1312 233 1345 239 973 1076 1763 866 1502 1976 1070 1453 191 1700 1382 670 1050 1018 424 209 1929 911 256 325 1540 387 1683 1324 224 1501 1844 1887 85 1188 125 1057 616 239 275 469 214 1344 1921 757 1395 1655 1778 445 1024 202 653 952 1464 1261 1628 
1003 1999 1310 678 222 810 521 108 895 60 585 303 675 823 577 1143 1389 272 1416 497 1667 1422 626 463 445 827 1115 1396 290 727 1376 1644 725 685 321 1298 1847 1193 1758 1093 1253 342 1395 279 1516 324 1774 1256 595 1189 1752 613 962 378 1075 1406 1556 542 1153 198 1620 528 1841 345 1565 514 1642 1411 1706 1399 503 1310 92 1897 1589 1608 572 1362 863 1167 902 967 131 1863 1696 1558 1268 1251 451 772 1800 70 1300 1993 766 864 506 408 274 563 
158 1128 1873 250 1024 1813 1857 1596 1174 1071 1114 75 37 1596 1937 1732 1505 1556 1335 1955 327 1134 377 1978 1126 1142 1193 1983 1549 1818 898 1707 945 1122 308 321 934 164 268 107 1234 1381 533 1623 1328 469 1706 833 376 1040 1139 702 526 1515 1032 1651 1009 224 1986 557 42 883 615 986 4 922 1306 937 1437 1925 1395 1023 1657 1927 645 985 747 350 169 1122 1742 1307 175 267 1174 1206 269 182 1430 606 1090 1823 1488 57 1160 1843 1330 818 1131 767 
742 525 141 399 803 785 1383 1549 1486 1551 1022 1579 1209 1197 1845 382 754 466 915 183 1071 5 357 911 61 1517 1105 1390 334 236 508 1075 760 648 1473 1915 1432 1207 1463 1270 1109 837 848 318 33 1045 1051 1138 1862 1966 1673 1284 1970 29 546 382 1545 1651 1771 1878 1886 279 1305 997 1278 777 911 1062 336 726 331 1444 1562 1530 113 1946 926 1164 1083 1139 1481 1107 423 1450 1136 968 183 680 970 305 910 855 583 214 204 213 1342 1114 1274 1677 
191 1604 1121 104 1485 1233 401 763 748 1484 1901 228 590 323 29 77 1643 211 757 612 516 18 1819 1450 231 22 1662 1572 1487 935 1249 1678 890 721 1781 375 1953 182 1137 701 17 1037 928 958 1712 957 1387 1706 1519 143 669 34 512 487 1484 742 508 1497 665 347 432 1913 24 1321 633 156 47 938 689 1535 1638 1057 924 917 367 635 225 1753 692 1744 1895 1360 1777 406 1847 1612 1499 706 1109 163 1052 1892 428 1427 1212 1412 1935 1611 349 623 
1145 338 32 68 1255 398 1054 1831 150 1745 1574 396 1105 1703 1153 1303 1666 651 8 774 1165 1412 1017 1592 838 581 1356 1124 191 1704 99 1335 394 130 1755 2000 527 1160 1830 676 905 1756 1423 361 1458 575 1663 1475 1577 1670 601 741 1433 1617 685 623 197 40 1746 387 95 1844 74 840 1973 180 839 851 1339 669 1878 243 776 1300 955 585 1874 617 59 1450 639 659 543 71 276 1579 1045 824 1970 791 1211 64 986 1636 1256 1311 1815 94 161 1505 
1114 39 100 1889 1338 1054 473 1564 1671 884 1365 661 1542 1907 1083 169 1837 128 993 1806 1270 555 222 255 190 1477 1917 356 1570 78 1860 1036 468 1959 924 157 1013 1749 1720 1035 632 1437 47 173 1695 1129 694 1532 1608 1686 1337 877 240 1910 1484 429 1386 1400 1136 1308 1829 995 343 296 954 1618 805 318 1366 876 1704 349 312 1750 874 7 878 1567 1538 486 1604 1226 1714 1843 1136 1197 623 873 949 1758 532 1129 752 874 1425 57 844 581 726 561 
1456 429 910 1768 178 135 1774 1056 1701 1663 1893 1304 888 1958 1498 375 1155 120 1248 455 229 1779 1583 1332 1005 1359 1741 200 1939 466 760 1747 895 21 1514 1072 155 1639 479 207 1653 371 1862 540 329 1359 1267 1835 1830 866 641 410 644 223 1742 2000 1934 1482 551 224 1947 1311 1970 841 1683 1483 265 190 1473 743 396 1125 1466 610 17 146 1968 1283 332 150 148 972 559 1143 1546 652 1495 1479 133 45 1703 432 1707 1672 1624 1742 1507 1888 1931 1331 
631 678 456 96 1287 824 593 1607 106 924 108 605 1895 666 1747 1792 1670 1241 1271 1802 1638 1325 585 1344 996 209 1085 854 96 1367 185 1078 45 992 1525 1683 1815 117 1641 272 1040 1748 876 1286 766 622 1078 435 215 700 588 1852 24 1173 1547 1371 1733 632 225 1828 350 761 906 394 1752 782 77 1918 899 69 189 290 1817 1064 1576 582 37 1005 1368 251 1704 1955 454 1727 1479 353 1097 1211 1336 1673 1039 1685 785 296 79 536 1429 507 805 327 
575 993 617 743 408 544 1676 445 1900 1043 1047 1603 998 1501 1681 828 1853 1129 39 1188 802 1429 1224 1586 1724 1302 474 1504 160 1630 1831 1087 623 799 1829 1030 1694 1505 1826 1593 899 873 1547 1896 725 1227 724 929 355 1114 468 1508 542 1691 1446 617 993 271 120 1504 1900 302 590 522 1100 771 1904 1145 627 1729 737 1525 953 283 1773 1677 1861 848 605 216 1961 1072 75 502 763 1520 1470 107 1790 1589 1610 42 1891 552 563 1342 1674 818 487 300 
899 1223 176 1851 1858 1948 1528 1718 1147 132 285 1107 1204 712 1960 318 231 1429 424 373 1370 385 414 1260 1288 1328 601 961 498 1439 1612 1396 1014 1788 1246 871 87 773 940 1234 1257 1577 692 812 288 652 1129 870 432 1552 1242 1801 288 7 1412 1576 1687 365 888 184 1803 500 1579 816 639 824 38 1077 1949 978 310 1205 554 1354 16 841 357 1496 1710 788 1399 1304 941 1686 1662 704 1261 1348 1068 501 1531 871 1000 1109 38 1638 285 76 714 233 
1053 1376 1789 1958 1081 156 1150 1437 1651 1211 576 1049 866 1868 1086 528 572 699 1875 1639 1199 1406 861 550 866 899 539 1150 974 1604 1734 378 979 1522 687 59 29 1836 1847 31 1398 423 1431 264 290 517 791 1213 1215 665 852 765 422 64 1314 1288 962 1852 789 287 1455 523 1016 786 396 1702 1196 777 1889 1043 807 1287 1817 238 1550 458 754 340 1671 320 1356 874 1436 130 937 749 1769 251 952 557 889 406 1431 257 1543 179 310 739 955 199 
133 1761 1485 301 1998 1386 758 1103 77 780 1774 1784 1653 1209 1913 942 1957 1681 1192 1260 590 432 18 20 688 1560 198 998 650 1504 1196 1134 1265 1032 1434 1614 769 544 717 1197 1675 490 980 1680 51 1245 621 359 925 164 1619 1866 595 1636 1886 1635 1547 435 632 197 1939 179 1682 1555 1562 1468 1168 682 363 236 1878 37 1078 857 1716 1128 101 336 1838 1378 499 1456 1243 1446 1443 1480 1080 990 267 63 1538 557 241 1219 111 154 686 1630 835 1048 
218 712 1437 1295 1920 1152 774 373 1840 611 1750 338 419 1344 135 1861 1176 1214 850 1442 1276 739 1998 1868 1958 460 21 995 89 855 395 306 1918 1831 1952 1838 1334 1077 210 1173 40 311 1863 458 6 1997 670 1181 1563 1872 974 1190 610 1323 1410 567 1782 1430 1914 1871 637 308 528 906 490 832 743 1823 1908 1304 1348 1947 1966 1210 756 1972 1558 1426 1504 1472 1649 478 662 258 152 423 1177 1934 1852 1090 156 840 1749 683 98 590 1866 1192 764 1774 
496 111 72 813 1672 1180 1136 1230 957 640 701 605 1469 1714 862 1620 136 38 1905 340 1479 60 1531 1579 1095 1628 168 960 820 932 1085 1667 1394 1157 479 1066 688 1615 295 1644 606 1347 600 74 1413 1813 45 1548 1851 1950 239 1681 361 1770 1260 1455 1749 1427 415 568 710 1499 234 104 1007 1065 1169 1694 679 1815 1689 1284 1161 288 1709 573 101 105 473 303 406 711 335 767 832 1594 221 581 1373 987 1148 82 486 1734 185 1844 798 1353 1538 1828 
1519 1578 1463 680 218 1523 1604 670 1627 428 972 385 1491 1306 1151 322 1252 1371 1254 624 358 754 705 1195 839 1242 1038 1988 946 927 1815 465 505 1629 1496 722 1151 1451 1743 1129 1879 714 1513 1721 371 1015 394 1974 386 1648 597 1095 401 1654 289 1239 1247 1678 1226 192 605 1392 656 1461 1020 503 534 522 1954 276 2 184 1341 1867 1904 63 1233 297 37 1970 1944 985 1064 696 990 1704 286 236 1734 1863 428 338 1254 1435 150 625 1938 683 1498 1891 
1310 1852 74 650 70 1977 712 1302 625 1100 1272 569 85 335 1616 1426 391 1902 1662 124 1764 89 813 1370 1523 962 346 1812 1996 1844 1702 1305 47 127 306 116 103 1369 1417 1080 821 688 1648 905 1375 1615 682 117 1516 343 240 1632 783 1404 1001 658 717 1346 469 712 1541 171 368 1587 649 1025 1702 1104 393 1471 183 1213 510 1830 469 1884 1444 1151 352 1312 1845 943 943 628 346 295 1285 1062 1640 1753 125 1533 275 492 1119 924 1516 1173 27 261 
643 209 1825 1152 390 646 1388 185 1796 1739 1848 1992 682 790 619 1379 1436 255 441 1428 8 565 960 634 1409 430 1557 924 1602 1935 1536 244 495 1361 1748 884 6 1135 1421 153 873 1268 144 1906 410 1115 1285 1845 1369 77 1272 1728 641 583 362 49 1013 270 1325 614 557 860 1210 1051 572 957 287 577 91 1707 1081 1315 1326 1577 1221 1735 691 857 1932 59 933 1555 139 1925 138 500 1974 1150 1121 1650 1763 1677 509 972 728 1081 280 1366 9 370 
1424 1090 1685 749 666 1257 836 1708 465 767 118 1397 321 256 1321 458 755 1646 1959 1876 1295 74 1552 156 1397 631 1236 1677 1996 1596 46 1419 1037 82 520 54 1690 1355 1761 154 473 1879 1902 793 134 1223 1603 1241 1220 1913 1468 515 1986 1371 670 1383 2 257 1411 349 1852 1456 120 1241 1890 639 1294 1579 345 1055 85 817 933 1986 1961 1418 1560 1915 658 780 1828 477 1646 165 1848 667 1899 1849 923 1309 549 1126 1117 668 366 1006 1658 1660 936 354 
1066 1372 1170 350 1358 1483 1767 1269 1749 777 400 1928 1253 45 93 1100 711 343 1300 1985 1652 201 1463 1120 1220 180 477 878 191 1412 1231 1256 784 753 1605 493 587 1724 1761 335 500 161 263 104 557 707 1204 1620 1049 855 1956 1052 1055 1770 171 275 1950 647 1504 492 411 734 1748 1546 1838 1704 38 776 1427 150 1111 278 662 1725 382 1571 431 1937 1190 1479 791 1145 531 1846 915 1053 472 1216 1700 1975 1707 462 1060 1806 7 898 1510 396 1673 1288 
897 1135 1918 1559 859 299 1129 1289 587 670 1120 1377 166 2 1574 1432 1054 45 647 1105 371 706 1566 1431 511 1572 680 372 319 704 1660 1216 1839 1577 774 697 227 254 338 813 1275 1457 541 1440 1810 467 872 863 863 1870 320 1234 575 1885 664 1086 1809 1695 1457 127 398 1468 1342 236 1396 467 1285 1622 1072 1622 786 346 1430 1679 138 1239 145 1009 453 1359 878 772 592 1453 657 1607 890 817 1301 346 943 1699 1814 637 286 1561 1455 1570 1183 879 
1543 320 1224 972 1998 1361 210 494 721 663 205 1599 1786 1148 1403 442 755 292 1258 407 989 553 457 1154 1541 1095 715 995 664 1897 1873 207 568 1449 1530 918 1161 1740 1411 234 754 1615 1832 539 763 1586 1333 1869 1877 942 627 865 1846 1436 19 1386 530 733 733 1545 981 957 103 1900 405 1633 817 1918 1724 228 151 829 194 334 1719 1308 271 1403 1528 147 345 507 1363 190 1942 1733 1928 823 817 660 719 149 1616 822 49 373 806 865 642 881 
1444 1144 61 1990 1829 1779 1297 99 1182 1177 597 1878 1683 1959 419 1624 44 346 798 1212 1357 1868 1361 1325 1041 1761 49 1846 625 690 1078 421 1833 1138 410 13 917 58 111 450 1234 707 679 916 665 1097 891 1060 1795 40 272 1503 1908 1984 827 948 1744 875 1146 368 1916 223 1140 100 1361 1901 112 629 1959 222 1430 1544 928 108 460 1945 1556 1702 1356 1702 1742 1627 1557 1 1610 383 948 1353 1610 93 73 1877 668 1564 1977 380 1465 440 1008 1423 
1014 789 966 293 1248 1777 237 1155 1831 1945 857 1924 1571 413 1924 1533 1147 871 1237 1108 1316 1661 985 1983 1225 1313 714 689 104 1721 463 1117 861 1780 1410 460 1909 1998 1614 1739 1942 822 1662 1865 1586 1585 1397 1085 807 985 192 474 646 1528 808 222 840 1521 910 1296 1593 1724 412 805 1503 1821 1264 1411 171 878 1501 112 1699 1162 1976 1637 1098 1724 721 257 1061 912 730 1706 792 1890 1927 1983 1410 1188 1278 1355 1263 1690 159 765 1862 1423 528 32 
652 28 144 350 1542 471 338 639 547 1058 895 1607 322 1977 1664 1113 1866 1942 1095 1627 1481 373 1333 743 414 1492 1859 275 1266 738 307 1917 766 802 618 659 1272 956 1649 170 13 544 1776 334 872 1791 1798 1089 84 893 715 1564 1617 400 658 30 1891 517 304 1156 1254 610 1072 371 1411 1689 1381 1035 996 1030 1204 1009 1573 1332 1694 796 1474 1844 1884 1558 736 950 1473 704 1349 131 733 1591 999 1388 746 604 1998 169 1327 1760 210 707 1146 1205 
1736 350 565 1660 33 611 455 1506 454 690 1415 1541 1992 888 244 1692 1370 1328 1283 720 715 380 1323 712 549 649 824 1110 1708 1969 314 1443 670 1231 1455 702 1841 261 560 646 951 326 186 1294 1213 781 985 934 108 267 1653 822 999 1328 1886 1899 328 1061 1008 35 1029 1673 1830 51 903 1284 1104 1095 1544 1663 1740 846 1989 1925 139 1553 705 1124 839 1164 1742 843 1986 740 522 223 638 850 1283 1645 1236 663 1670 1417 713 572 700 1817 1667 596 
1831 1758 1793 171 1683 1932 76 739 1407 1266 255 1500 108 240 240 982 462 1229 183 96 1226 1418 758 895 835 1823 1818 1886 1991 1836 833 173 1594 978 344 1628 909 771 718 667 36 972 166 495 1563 757 1476 376 338 1658 471 1563 1428 1581 809 614 1403 626 851 1393 814 36 1565 759 1013 260 386 273 1030 1455 1291 1417 427 1808 264 1989 565 91 717 1254 101 1187 1168 1528 767 1976 493 521 953 1695 265 118 1730 1830 876 1094 441 1613 1366 1823 
1068 1008 1239 1494 816 1854 1834 1732 1945 550 985 45 89 152 1924 1207 127 768 1728 1431 462 1992 1549 544 173 424 1637 614 37 1355 436 1456 362 26 1301 1177 1880 1134 908 176 36 244 220 476 395 495 1682 873 1262 1761 656 1723 1753 204 618 277 979 255 1242 1367 1961 1677 822 322 55 122 1851 286 1608 758 461 1643 1002 1032 470 1748 1526 151 621 1139 1912 1628 1213 16 1831 1831 292 1161 437 1534 528 397 1562 1349 718 1968 1471 568 605 1078 
1678 1065 1072 1031 448 1541 778 1973 43 1750 1463 1954 1377 676 321 1559 506 965 720 942 850 1247 1690 763 595 407 1083 417 1327 1687 1494 1004 752 917 34 1199 457 1163 1524 500 913 1338 805 641 13 1478 200 870 794 919 163 1643 165 1852 757 1111 611 1839 1528 1937 1526 1373 940 629 290 1325 1827 1098 487 1702 1949 1751 1392 1106 392 1404 583 591 626 1376 1861 788 1370 25 640 126 1487 1250 317 1014 1538 1842 739 829 470 1028 153 648 477 991 
702 426 742 93 1531 1485 1496 465 427 121 192 287 1261 1561 663 252 38 149 1853 354 1515 1390 195 253 218 1016 1632 722 1664 108 64 717 885 805 809 415 641 656 879 1067 1129 1070 1353 389 982 15 992 1020 516 844 1725 30 233 272 634 802 1287 265 1875 1302 724 1938 18 1609 1095 1178 375 1735 1834 1254 1154 962 675 506 1702 9 873 693 1380 1388 1536 1104 1417 120 1375 402 1273 1014 1018 1147 667 1741 1436 1037 1701 530 214 76 617 47 
1681 1770 1360 707 275 1061 715 1499 1753 94 886 1640 1550 654 1759 1276 1055 1383 641 72 529 1308 165 1965 344 1865 846 909 292 1462 1308 324 1583 667 1031 210 80 97 1708 184 543 594 1824 92 1599 1934 1367 654 1669 8 725 197 1667 1241 513 362 1106 1711 1270 1749 1524 929 73 1107 1596 1455 1668 27 1903 1375 210 445 320 385 536 1919 671 255 924 339 614 1648 887 280 1241 1752 993 698 1462 262 446 1337 1191 870 443 1138 324 462 1516 227 
1837 1725 1023 508 462 1911 426 1484 165 1349 1822 1130 1349 1060 1409 589 811 401 1286 624 1014 83 1961 556 953 755 45 1628 1217 1560 206 1405 1637 1229 1912 450 1139 690 1933 1655 390 1754 784 1738 813 544 678 1976 1296 315 599 309 750 911 1217 1702 1666 1613 1329 1234 1173 1535 638 1161 1115 901 1610 253 1590 1542 1907 1980 1647 690 69 811 1233 1099 786 528 1413 1737 1188 162 647 756 215 664 369 1896 249 1893 1782 886 1053 896 139 1014 1148 1728 
555 1406 1707 201 95 128 1363 1679 1226 149 558 990 1885 97 1504 883 853 1718 1899 1573 1613 147 1465 1746 1385 869 641 1523 1882 1788 1602 788 1545 1661 1340 1639 1788 702 1669 1013 1202 578 354 1086 675 1857 321 1879 1927 571 1451 1891 717 1267 1637 453 487 277 1975 368 417 1577 1507 1961 1237 846 1952 1376 1899 1620 740 1101 198 1093 538 1224 1302 858 1102 1228 1428 904 1118 497 170 754 949 656 1383 1276 1375 1799 852 881 111 440 78 62 1815 1976 
34 554 1076 583 1998 1614 158 1299 823 1259 526 603 514 1996 1099 1035 1101 399 42 483 1674 1768 633 525 648 744 1316 1077 1157 1130 1404 1542 35 832 124 33 445 281 1331 1619 1891 209 221 404 204 1671 1790 1304 70 1831 139 1743 1598 771 620 597 1866 1935 25 1023 1417 1429 564 1451 260 1040 1835 1056 1672 1518 1026 1563 1726 1247 318 281 1269 460 1584 1690 290 74 1433 240 845 404 836 710 338 861 84 106 641 1000 1557 900 391 1743 307 62 
1260 1332 1976 1337 930 646 1969 199 1105 1553 1888 1394 1978 1672 1633 822 75 821 1884 765 33 319 870 673 1318 778 1924 1708 521 230 122 132 1561 97 1821 491 742 1789 1041 1846 1693 1280 1592 1671 1304 1576 844 1730 396 727 494 780 1046 1364 1452 715 493 1375 775 1365 1604 896 1497 1517 992 1669 359 86 1457 1751 283 1502 1382 1874 1172 685 1802 15 415 549 1094 1260 1329 139 975 780 1205 1468 507 1979 832 462 874 680 1978 218 348 688 303 157 
438 585 1658 172 811 1181 856 612 1195 1622 1160 640 882 488 1130 208 1620 335 1675 478 313 859 939 1539 1538 1269 1756 238 1956 410 746 746 994 403 1269 156 1583 124 767 1129 98 279 1769 1331 1118 898 1538 737 1584 1565 1214 1897 423 505 1787 312 1773 1542 901 80 1951 1646 1177 1296 400 445 1804 1982 921 922 1463 1018 1200 1583 700 318 832 237 1406 416 153 620 664 927 1476 450 1239 1248 343 491 1327 645 137 856 292 536 1300 95 870 572 
1017 684 1941 216 266 640 885 1097 1229 291 1864 1381 1262 527 308 737 1328 1898 336 1670 740 14 314 876 869 606 1764 521 1052 985 1092 68 1668 1033 636 285 1672 1520 1733 900 162 1597 633 1423 475 940 511 1803 1189 846 1824 1928 860 490 1156 1728 1095 1271 248 146 255 1692 566 274 724 1201 910 747 1072 642 1647 1234 590 631 656 1065 1570 1519 1219 1110 364 1042 1037 1223 1883 544 1303 977 1814 1902 1475 420 1593 392 693 668 1592 1602 1415 663 
596 1413 248 1185 43 1256 601 1964 774 1819 1073 1137 1213 461 712 1095 1005 366 424 818 619 250 1238 212 641 282 1231 584 1884 645 1598 479 57 1846 15 99 1101 616 62 226 786 1486 1714 350 1947 425 1797 951 1142 220 1768 1761 821 1357 324 1461 1639 1554 44 1874 199 1641 704 607 1838 718 1058 938 1685 1471 1163 471 957 877 1172 903 1653 968 205 795 1539 1972 907 359 1681 1230 171 1319 1135 566 1544 1333 207 247 292 396 1316 1349 1334 1001 
819 848 1823 1775 76 994 1029 1729 1962 1233 875 1500 1557 133 211 1237 1362 381 907 496 1299 450 181 1857 1048 824 252 363 172 1585 1363 1342 785 1185 1469 860 179 497 940 492 1730 166 343 1638 298 905 874 11 1638 132 859 936 933 1391 792 1980 214 1043 342 385 980 1705 78 1764 1241 1546 975 1771 43 267 262 124 432 957 1761 730 1861 986 1092 1498 1117 1950 433 49 1340 1224 28 1553 619 721 289 1598 425 367 1713 18 1912 687 1788 306 
953 402 429 1737 1358 541 466 1218 1526 1557 1068 994 1859 1500 1394 1198 1076 1421 1103 1694 494 1391 1291 1270 109 1003 1287 21 41 1075 326 1346 1828 1107 1082 1185 1647 1899 754 1173 1807 1821 518 1665 1321 1912 1215 396 1684 317 89 177 59 1731 1447 168 1085 733 540 1125 159 1217 822 1986 323 255 1522 322 505 276 1494 312 96 11 328 1768 274 1542 515 1958 210 955 134 269 1037 1580 788 121 665 1327 1598 823 895 771 809 1570 1026 682 1891 1530 
957 1384 193 1405 1746 521 1524 20 62 391 329 624 1697 462 892 734 394 31 854 1058 1357 803 1880 603 1574 1040 172 951 1722 62 480 1030 1797 673 434 1543 1545 310 1914 1606 700 242 581 396 1055 1472 1481 1448 1502 335 505 1210 1489 737 1813 1062 1776 1984 12 1849 398 844 879 194 1868 1664 88 1412 1973 353 1369 1024 946 1950 1772 1 1773 1252 1448 1275 1938 1953 836 1779 689 1000 840 816 1336 1204 665 1733 399 1895 1926 266 1910 366 1677 235 
718 1397 1258 1664 1346 1381 1664 1119 985 1463 745 922 1767 1932 700 807 932 1892 1623 267 1447 639 351 1845 885 628 462 794 993 490 1028 63 1886 638 1726 1232 18 1741 702 1002 1203 1446 276 970 1377 1327 1776 660 1570 1750 1278 1016 740 1628 1212 1624 608 1673 418 1952 162 1797 14 48 434 91 1631 804 1831 332 1805 1386 1777 432 707 1505 1759 834 165 1328 584 1794 696 1675 1422 1907 1299 381 1932 68 332 93 1864 698 492 298 788 122 1101 971 
453 1257 708 581 41 1414 438 151 247 602 1830 1182 395 525 857 168 784 507 900 715 574 1232 807 437 1929 1299 1086 1068 1772 538 390 225 1795 1097 1157 1835 510 1594 337 1109 547 166 642 1294 691 1850 1813 1474 356 713 188 1281 1944 1346 70 224 996 1155 1643 768 1693 33 1344 1839 1129 500 25 1991 446 361 1451 992 526 92 637 1568 294 450 1041 1001 1162 1580 282 1457 1278 351 32 273 1857 1674 1040 1549 58 383 1387 1187 1235 1411 1529 1680 
123 979 1023 649 1070 1660 216 1715 461 1609 716 1622 1188 997 1078 817 1699 1461 1090 1555 1134 481 1456 1544 1216 842 730 450 605 258 481 727 1588 1855 1727 657 1866 1943 372 326 1551 1439 1947 1090 435 1376 1907 485 1188 1348 39 674 1828 1846 217 1043 1040 1298 1844 1996 1555 676 722 1494 531 801 502 396 743 873 1074 645 663 1372 86 1097 1100 344 1933 287 1691 324 960 1871 169 1176 913 1208 473 1109 1203 379 1784 277 1872 314 1077 374 1062 171 
1598 135 1167 261 1858 1604 1709 957 300 1994 1244 342 317 555 212 837 1731 1477 45 555 585 1599 1286 368 227 1157 1034 1655 1882 447 177 1832 933 1695 444 790 1299 152 1747 1598 497 1342 1939 813 1896 503 1650 1978 1979 46 533 915 1996 1818 1282 575 1326 667 229 1208 1113 758 1391 45 452 1834 835 1750 337 933 1699 834 274 1638 1998 169 492 1647 147 470 44 1031 1384 392 848 1017 966 173 36 1194 1732 1148 1951 1122 1193 755 1307 379 504 1644 
1311 203 477 1584 192 474 1752 1035 473 250 1504 868 1280 1239 1259 479 607 224 1004 642 1770 735 142 72 209 1334 826 1515 1712 1330 1510 1022 1884 1986 957 427 812 1060 1461 1284 1310 1316 151 941 906 1762 1420 1512 1985 423 506 1754 1509 647 1826 1717 332 651 1584 395 332 1093 1416 567 1431 724 993 242 1783 453 1877 1092 120 379 33 1025 140 1452 889 477 226 1394 230 1734 392 407 1451 723 1410 1386 1117 1741 830 884 660 260 1607 1652 853 1741 
457 1081 833 576 1812 1217 1953 1951 1020 841 427 1245 586 1009 978 977 1767 780 51 1176 517 1519 1269 1347 402 1928 1958 360 1579 811 100 387 243 1284 963 54 852 1267 357 223 107 783 1467 692 143 797 20 1910 1928 70 1085 445 1588 353 143 341 632 100 1052 211 1262 1503 597 1505 787 1911 1558 1990 1177 1914 213 1635 1049 31 678 1191 1179 697 1452 1459 766 889 1903 705 1241 45 1397 1873 496 448 435 1758 1951 1383 1262 1089 1646 1171 1430 1174 
1437 1642 1161 485 25 1838 27 1555 535 1479 1013 1652 367 1267 357 1959 1663 105 183 159 553 969 268 855 704 1529 1943 349 1051 1372 1874 487 1366 1034 971 1742 872 1350 1296 1758 828 661 1409 1546 1927 117 1856 1590 222 391 100 1126 1359 367 1980 62 247 1922 762 1297 1645 988 1784 1010 21 1106 1103 1244 455 751 1001 1634 1411 410 1179 1337 526 1387 1278 1099 1777 1377 224 1135 95 203 1549 341 476 310 1638 121 1297 1421 1482 1670 878 585 913 1333 
1335 1914 966 1097 675 497 433 1552 1883 63 651 1659 1791 1226 1145 1886 1429 693 226 256 1355 1863 376 1003 1635 210 1024 513 1146 1937 197 832 202 1514 1928 1228 10 712 779 244 774 1781 1902 565 1007 1399 450 787 91 1027 1042 1797 890 1770 1152 876 1979 175 1740 1124 463 1936 1955 1016 1802 234 243 1811 945 1022 55 1719 802 308 635 1808 1706 1436 946 149 462 1988 297 1703 1757 1448 579 87 1623 670 1210 437 958 1516 1453 759 1749 1695 569 1045 
716 975 1115 1870 1283 1749 29 1340 1184 975 1488 1998 1314 1785 1700 1422 1584 630 1508 1558 1300 717 1995 609 584 1447 1367 684 1493 287 1728 561 1262 843 430 896 591 810 235 127 1784 75 124 1449 211 175 870 1794 805 377 1352 104 1445 1698 1064 28 1496 430 1063 988 716 791 1548 329 1633 329 1576 575 1139 163 1053 1274 237 1528 723 447 1703 1592 592 507 321 1943 962 1765 1992 25 145 1487 806 1207 475 1873 1997 374 202 1981 1055 129 908 545 
291 1960 170 527 1488 892 1325 1542 836 269 48 1508 211 1361 1272 555 1737 1768 41 542 975 867 414 1323 1593 967 1304 647 1096 211 1543 1386 522 1712 265 361 956 1941 1902 143 209 1949 1650 772 1661 1273 1326 1397 1041 1718 1938 367 585 704 1689 177 1670 1344 1175 1117 1906 717 855 428 428 1471 788 1383 1763 1042 1525 1972 990 1526 1095 1003 799 772 399 191 489 689 557 1425 1744 597 1601 1765 1941 1127 882 1846 1843 88 625 271 1558 1765 5 1320 
806 1882 1643 147 1407 1089 1149 205 1860 1900 747 701 940 1303 477 683 1900 78 799 192 1556 32 37 1399 119 1014 21 1676 778 25 996 1583 1906 990 81 1665 79 1230 221 1938 1481 968 990 420 270 1467 1454 521 1896 604 712 1451 636 1101 1201 754 114 1221 430 891 1598 1777 825 1503 1118 905 1519 1196 486 1740 1486 318 707 475 1089 976 293 894 1849 188 1498 560 1991 133 1660 1191 1238 1773 764 1667 1015 361 1795 191 215 913 1448 1734 460 1933 
1473 1945 603 179 772 1691 1506 1064 585 1706 1604 82 266 1594 566 277 1136 1803 50 1899 1822 1416 611 1968 1607 1178 880 1406 911 1340 1690 735 1636 292 1265 407 1983 1122 1471 567 828 1074 1000 1093 1019 1565 1369 506 1367 1770 757 1540 1538 1367 1508 1496 544 387 901 1806 78 590 540 1714 882 1804 472 864 926 1942 1782 1753 1367 781 1197 385 345 917 891 63 687 1647 1955 224 1365 1462 1719 1909 200 971 1714 278 1560 606 343 441 409 814 1656 1686 
1108 1437 1790 474 569 986 1211 913 1903 101 1328 941 99 1282 1516 1463 743 1586 1723 1294 556 1789 1923 115 394 617 908 1154 1431 563 840 890 352 981 1363 920 319 573 185 573 1025 1864 1513 1475 1145 1028 1290 239 965 1012 1884 1520 800 1807 1986 1545 423 893 699 205 1808 1890 1094 159 1222 809 1430 1540 1733 1614 112 1110 1477 1976 584 973 1355 1873 1563 319 1237 1447 1838 388 1253 1824 1933 27 1068 983 232 875 1224 1325 1385 445 485 815 1985 218 
428 448 1327 257 424 1910 1229 1778 135 1144 97 1371 942 286 110 546 109 394 572 1529 1376 803 403 951 480 1788 1396 964 602 1732 1533 1381 179 859 1989 602 769 1218 732 1255 713 828 977 1654 1113 1086 199 1574 1480 1122 1102 1207 277 1856 158 756 1995 1905 71 948 1636 1604 329 1814 462 317 768 1582 1886 1499 1188 950 678 164 603 142 1602 1153 67 1433 627 1168 639 903 1376 1148 10 1370 1052 432 318 1039 35 646 1205 849 1314 1972 782 1552 
1822 1970 501 851 485 1456 992 86 960 1059 1518 1586 578 509 840 1953 8 849 1323 1060 1281 1992 450 1667 637 1654 867 302 1977 1649 205 1798 1970 706 648 806 513 1992 1244 1472 1050 761 1410 1979 1621 249 1932 1629 1450 1606 1040 730 1597 1489 748 585 1143 1615 1238 1119 1615 1443 1269 1936 148 268 741 660 259 1984 483 1660 1097 244 1639 717 493 1922 697 1942 1527 1736 1023 1475 1225 1770 59 719 1736 1296 1837 1350 738 1457 1285 1237 1725 378 248 1983 
361 1083 1995 1809 1326 1633 526 170 1906 1574 463 1432 1310 1485 1258 886 1607 1316 1604 1694 963 1440 1044 53 1249 680 1641 973 1057 1889 1307 1770 1323 1301 1578 648 1285 455 818 1190 29 1280 973 1690 1117 230 575 1075 1897 178 768 860 1969 163 1264 1217 1195 904 189 603 1144 1848 372 466 1500 302 1114 785 1108 283 326 1136 1914 1299 1177 1382 1880 1751 456 1777 280 1576 988 249 90 251 1817 1284 1506 358 1887 650 205 610 1115 1704 1263 580 840 371 
862 1166 1858 776 816 1035 157 695 1137 965 823 1417 892 1810 1665 981 412 1833 617 270 190 855 919 394 1816 33 450 1079 613 1289 1449 1826 806 1658 953 1621 692 1110 668 1829 426 1490 1597 1317 1652 1613 649 415 1445 1265 684 1635 119 1954 380 1935 1987 829 1013 951 118 813 1128 923 470 81 896 1514 1542 1563 1694 1967 1404 1290 1635 1407 1254 283 174 698 1548 857 684 18 811 1064 1952 1149 1892 1316 451 361 480 1930 1636 1302 10 531 1167 1551 
445 860 1869 200 501 1503 1607 1754 138 1780 803 1685 988 1487 54 150 902 358 1650 1145 25 452 1506 505 382 1493 158 391 23 1324 294 819 183 514 1018 1035 17 624 1140 506 755 1942 542 95 1780 595 596 1033 952 246 178 977 1049 35 1833 1430 1527 1990 173 1901 1313 818 719 1847 1331 1736 881 1699 360 20 204 1466 313 745 1560 445 1340 508 1477 643 753 6 1971 153 40 1803 1583 1918 1792 107 1818 1456 924 536 1302 254 272 182 1953 983 
553 508 448 1218 1253 360 1662 944 867 1490 1938 1971 1848 1909 123 239 1711 57 157 1855 163 1974 1310 1438 862 612 44 1133 1145 348 467 1698 855 1266 915 459 1625 928 1402 843 769 1340 1165 616 1248 1640 1207 1310 48 1363 1164 563 1688 474 2000 549 1085 43 33 581 390 499 278 1597 1765 1544 55 1741 823 1809 936 1592 1500 452 559 1099 91 1765 408 491 1479 1572 1053 1519 397 1404 67 1833 1799 452 413 540 950 691 136 1066 586 543 807 1761 
351 94 1704 1850 545 262 948 988 379 1707 1478 209 1278 882 1727 26 637 146 1858 435 597 271 975 1898 1313 1462 964 250 4 1770 10 354 215 1713 555 759 327 1854 98 705 1561 1575 1265 1190 808 992 1216 1445 1489 1073 1879 85 1695 1205 1982 1007 667 945 1257 1022 1066 1618 1728 1280 1331 282 391 1657 136 488 713 1696 415 1977 885 1222 1320 452 1018 808 1525 1249 892 1219 453 1226 578 1471 522 186 845 1588 1803 572 1219 1485 1205 1609 1141 1340 
449 1853 1387 863 182 624 436 1853 1075 1454 661 951 702 1904 170 1506 1481 1099 1329 3 1636 173 1590 1438 744 1160 923 1948 1121 415 1640 1569 620 1378 783 1153 1 1570 1005 1428 1375 1665 378 428 1921 899 1934 1401 1997 1262 1403 1984 1786 1344 1422 881 856 696 1180 1976 1462 819 1896 81 549 678 1585 901 599 590 328 1974 606 706 401 526 1604 686 279 1953 299 1681 1936 84 1377 1709 964 232 756 144 207 570 1314 454 1002 214 1483 587 1115 81 
1176 1442 54 1781 499 807 307 455 1492 585 407 1791 617 694 1874 1993 755 1190 576 1862 1685 1134 431 1350 1587 1433 1564 1069 19 678 1150 1546 471 1555 1326 970 361 1984 1424 1853 920 182 1643 1889 1227 1868 233 1981 1057 809 195 741 1942 977 91 1881 409 6 949 779 683 450 676 1153 5 2 474 717 337 1897 569 1257 78 563 1497 1657 783 1729 1989 1839 537 183 932 831 1160 1374 711 1920 1731 11 1051 413 813 1726 1917 1169 79 743 1885 416 
639 806 24 1069 1720 1520 725 502 1248 713 693 137 1248 1976 1319 759 1701 381 678 1431 391 80 195 1203 1806 463 723 1884 1205 608 651 1844 1413 674 1264 1484 545 340 1986 1793 1052 678 281 651 1005 1599 1409 705 1979 87 135 721 518 329 276 323 791 998 559 1996 1605 1561 191 1369 235 1806 853 779 145 1190 923 1548 1867 1555 199 871 1153 1607 1575 1131 45 61 204 563 389 479 1237 1531 1476 147 1878 1433 1708 420 801 294 225 5 1424 721 
1194 347 269 1412 253 819 282 1406 425 208 888 822 620 1091 1736 1360 1569 1324 1243 1397 1471 1120 829 1530 1892 1981 1823 468 1986 1246 1189 1179 1944 1809 591 197 627 1224 1602 1403 1784 841 224 755 1932 311 115 1852 1635 1357 1248 1457 828 76 986 719 57 808 1187 394 405 727 1572 349 887 514 545 1513 90 498 1267 225 1690 1843 979 1621 153 1093 1473 139 449 1072 1595 1629 1148 580 347 1556 1739 1885 1949 144 963 1872 492 1849 738 1388 1713 827 
237 980 1051 1926 822 29 1899 974 1474 1723 1113 274 794 1059 1902 1941 1639 601 1848 1377 485 148 1520 1800 20 363 1648 1109 1750 1713 1935 338 692 1337 264 1513 1717 514 838 1190 236 302 1816 1029 1361 1717 1322 999 317 1169 727 1154 1669 599 953 1688 961 952 1148 1063 664 1082 1400 1707 770 15 1219 838 528 409 28 763 710 195 144 70 263 1465 1420 932 985 147 85 653 1097 1389 692 57 692 1839 1119 1708 1272 871 1414 41 885 985 879 1765 
1393 1258 879 102 1452 1022 524 66 486 1943 997 1471 441 1081 123 1537 821 1167 1946 1513 1005 1064 1572 277 286 985 669 1171 1969 1899 1287 1713 1156 165 1815 959 1187 690 1025 1672 984 21 1494 1425 1454 1969 1313 626 1135 1258 490 139 674 61 767 959 1398 1436 481 1366 1334 1767 1079 842 284 1245 152 1470 1934 1528 1141 1269 1549 987 693 1354 955 358 1979 89 1967 821 579 992 881 1346 303 278 1133 1135 1996 818 1254 1426 11 1537 1022 163 1006 1307 
1690 498 575 1590 1484 1620 1295 438 1977 1626 878 295 446 1457 1287 1326 1154 1589 1956 638 723 1951 1807 328 1376 1818 1864 397 332 869 55 373 1367 629 315 1202 248 1609 1992 224 1234 869 519 1679 677 157 1357 182 97 1312 1171 1171 1614 978 1499 1341 1147 1362 89 1830 231 143 202 1949 771 516 1150 1019 125 1493 1594 1710 362 464 1741 1390 620 1097 1572 716 760 742 1887 725 71 1385 65 1569 1098 153 1398 1328 295 1952 1628 1417 467 1130 435 943 
622 381 653 1335 844 745 725 1816 1841 296 531 952 1389 769 1676 1812 505 92 1732 1603 244 1130 1282 890 1081 910 658 1899 39 1445 842 1012 1825 1846 347 668 590 1071 483 782 1718 1366 85 1458 134 112 1269 639 203 1001 593 446 482 1874 1687 1914 783 344 1812 1173 1788 1005 185 1964 850 883 632 1791 1953 1466 924 22 1183 1008 1479 1669 1119 1100 659 1673 452 1251 118 933 1124 156 846 1907 852 1009 1431 639 14 1615 603 1215 849 1586 1358 801 
1403 281 822 938 1641 653 606 1111 1752 1264 784 203 514 1253 1487 1637 1761 684 1895 612 1692 1326 1602 57 1292 556 1624 141 493 981 1293 1896 1613 467 1185 1605 1119 1790 716 870 1405 1851 1424 1918 1455 910 1906 1215 1945 153 1826 1988 1830 1780 397 1473 335 20 1965 828 1352 1258 1075 964 1724 259 921 842 48 1988 63 1804 1838 1838 1721 1292 1099 1978 859 1043 482 1036 1382 663 815 1778 136 1150 1797 100 1977 1500 1357 1403 816 1432 1661 1736 625 60 
1723 1039 1863 1912 876 1935 1555 1974 264 413 1368 746 1449 750 1408 263 527 1543 1764 676 1995 92 527 1351 1494 1342 1135 1154 1077 1759 1213 1151 798 1075 1062 25 1009 617 1999 1625 1029 1718 370 829 819 129 1444 1346 1672 1207 373 18 1299 899 1368 1144 241 854 298 1669 613 1862 1172 1762 1289 233 1786 649 1201 136 273 582 1854 994 1410 672 1123 1205 369 1146 412 1093 1163 62 344 882 1205 936 1736 1854 604 348 68 1775 461 1708 360 246 356 1560 
382 981 493 587 1974 255 1610 1096 1459 331 241 222 1423 1403 283 1766 285 1840 701 20 45 1657 719 464 1783 1179 171 494 1776 527 406 509 1507 898 1095 1480 1152 1057 928 963 1387 1168 1184 1161 923 1819 1279 1559 1658 1979 1930 54 1987 1000 518 122 178 688 967 305 1566 1372 814 1424 622 260 1256 125 1316 183 1087 1054 1702 271 215 976 89 1493 534 98 1823 463 503 162 1462 1020 635 1991 60 1601 296 1625 1325 1461 1049 1946 1720 304 422 1388 
838 1509 441 539 131 1007 1515 571 851 400 1020 674 1215 1522 1187 676 894 1821 1019 953 1421 1666 929 745 1126 329 1042 845 984 1464 584 173 1324 1025 712 1806 383 578 728 1234 1329 1747 1907 543 1620 1093 1571 865 1265 589 169 685 254 1450 1782 1379 1778 1175 575 1114 638 1159 1286 313 535 349 470 917 1278 1197 150 607 1295 408 1149 915 1852 719 131 1116 1659 300 153 1912 1749 1934 1642 1878 1460 217 991 450 1727 277 762 261 625 1232 1177 1903 
428 1679 509 75 86 9 1341 1938 1080 1471 1405 738 122 1557 1002 1870 1842 643 1748 1302 1211 1090 1751 937 1366 864 1197 343 95 726 245 875 404 1105 949 841 1465 289 1130 544 1759 535 1282 1881 91 635 102 285 1277 201 1586 488 1291 1688 1776 1008 551 1325 1350 646 50 1946 1872 805 1402 820 1645 867 1460 775 1410 1570 1661 1043 1802 103 1677 1904 387 1306 456 1972 145 98 1659 1920 1106 562 1244 807 1207 1645 753 1078 449 154 249 446 1372 1708 
1220 782 1629 1232 176 1431 1334 205 1686 1721 1510 141 44 1654 239 55 1925 1696 616 1169 502 174 1165 1254 1603 1614 1760 1851 59 1131 1910 1630 264 1890 861 440 1320 194 996 1005 266 505 1498 662 510 1736 716 434 1783 1683 1954 284 1856 1119 1890 1810 1084 1649 12 1142 1131 1921 1123 1747 162 1983 186 1482 528 1533 838 1146 37 335 1807 898 422 874 1331 556 556 1637 840 763 1107 729 572 190 729 583 1683 1859 855 805 1605 1016 1139 142 849 1666 
1674 1687 1163 62 373 969 959 1147 194 642 1702 749 278 893 1863 1384 1621 434 1925 349 1016 1607 560 222 411 164 1238 1549 658 86 1566 331 124 729 745 849 49 1703 347 595 696 48 1343 973 941 1558 708 913 1991 632 1262 1359 238 1821 1580 1000 336 1169 548 993 1607 466 1676 82 1546 772 930 1946 474 1276 540 1170 1676 1883 494 968 1440 1554 232 1782 185 1493 1140 775 1665 1072 1774 353 592 322 1697 198 787 1372 280 684 143 1561 629 969 
1189 1169 490 1216 1403 1335 535 1194 888 766 975 1073 611 467 199 275 1890 1972 979 481 293 676 1031 1431 399 1662 114 894 1222 743 214 762 263 703 1977 1665 389 863 858 1277 1629 1832 701 239 650 899 865 539 870 1844 1372 1515 519 402 1297 917 63 1763 162 1636 505 375 750 1119 1077 1078 783 1818 1941 1640 1094 1569 1823 1794 1807 825 1044 671 1363 1913 866 1086 1779 1384 1487 1076 653 1901 838 814 1889 1694 1189 638 812 617 1715 1946 434 7 
1585 1879 1575 1759 24 1733 583 1067 756 298 1332 1621 1383 1462 1357 870 537 9 1122 1726 1174 1010 1419 714 1999 582 1331 1714 527 116 72 463 347 1647 222 370 1731 804 1789 486 1101 1120 107 484 581 1815 1705 1470 1823 826 1195 1348 1836 966 62 186 1547 1744 1899 426 211 1971 888 557 1969 1109 927 1699 265 715 537 1717 186 995 200 1118 809 256 939 983 1082 134 330 1269 1451 391 1454 1349 486 1705 1774 697 27 662 1253 347 122 531 397 386 
1245 933 455 1782 1927 654 1252 735 1262 190 69 695 675 399 315 125 1141 120 1474 1627 1824 1247 675 202 260 1927 548 734 810 945 1471 54 229 1925 188 156 931 1439 1242 192 1628 1311 886 303 61 1200 779 1201 1319 252 1179 1495 1851 1853 1696 462 132 596 1195 941 1892 666 1346 120 942 1885 627 1872 1323 1869 63 1303 1531 1300 1605 1591 499 383 791 170 987 322 16 1189 526 63 1650 657 658 845 1949 901 1862 1647 1373 803 1531 1999 1027 1206 
219 1089 508 1749 389 464 1339 1239 1198 482 1760 184 1155 1775 1372 1680 1838 1374 689 847 570 637 1748 783 635 1120 1585 166 1470 611 1371 1689 52 230 1437 792 693 1128 382 1890 1609 142 426 763 268 149 794 457 1874 1482 1304 443 471 1403 1225 1105 874 1162 1622 343 124 992 31 175 1573 1468 1318 265 595 1700 507 555 193 1284 1669 812 1784 814 1269 1658 296 572 100 766 1974 1677 222 847 838 1844 1541 961 1187 1572 1136 760 1391 805 1024 1985 
504 1882 891 1048 1517 911 1860 1301 1724 1128 958 371 51 1409 1136 376 1085 1358 1574 1922 1201 1114 1235 387 685 722 1498 75 1526 522 411 382 755 1653 1429 272 563 1640 1924 639 767 881 1009 817 641 497 1192 78 206 765 1999 1758 1879 1233 144 915 306 1994 990 1832 515 1752 213 1621 1405 1993 244 319 1633 167 957 751 1399 318 1568 40 814 1111 117 1019 228 467 776 458 52 1271 1724 357 1264 713 540 130 817 752 103 221 745 346 539 729 
513 1848 1479 1911 165 1398 302 1330 509 418 348 1088 1237 1475 1897 1640 745 1620 1996 361 685 536 842 1501 1639 944 1721 735 1290 611 1463 1802 810 942 64 974 339 366 303 1199 1135 1002 638 371 476 534 10 1573 506 358 1933 1190 1245 774 1042 883 70 762 1618 1359 1724 1432 1512 534 725 1575 1859 1416 1940 514 966 1075 1515 1604 1797 343 489 159 267 994 516 551 535 1760 1676 1576 994 1745 689 963 1103 765 395 614 1650 1119 189 1508 534 480 
373 1500 1554 240 1455 1703 582 295 1861 1200 1641 376 1750 175 487 1425 103 1480 1170 1143 443 624 1907 1189 1238 1556 659 1778 1064 1193 257 1788 1044 163 27 850 1865 960 1144 1725 159 784 452 1908 959 1290 1333 1413 769 854 555 1563 1477 462 1103 1066 17 1762 843 1432 1306 1452 1572 349 1614 1598 1198 1830 558 341 1554 716 1477 357 624 435 1646 308 199 766 1513 753 681 989 1566 135 407 1583 1896 1249 1366 1201 700 937 1901 665 887 1098 494 1444 
1791 399 511 1267 755 1134 53 752 1793 251 1870 1657 1355 902 998 921 1036 1404 855 932 652 572 484 1704 1861 385 368 747 1482 862 190 1624 1260 700 1242 367 186 1294 1470 330 1896 1339 1987 1251 240 984 171 1276 387 1025 559 1390 1596 1042 1093 1456 1426 1461 554 1260 674 743 1235 1933 1795 477 651 332 1770 121 1013 1666 1459 1351 1268 51 334 1438 1678 1072 814 236 814 761 1629 1906 569 1407 1718 1122 666 743 217 252 1028 11 728 1678 694 850 
1798 1706 515 1609 1409 134 11 94 1923 1688 1166 736 275 331 1496 1903 588 64 1661 306 1538 326 1400 1754 578 427 116 1657 105 809 506 254 866 1372 214 274 1505 224 720 1427 1911 237 514 537 567 10 440 1154 425 100 1811 1962 778 1211 1715 1707 1637 1830 1715 1741 990 221 347 208 1592 560 833 1449 784 1552 875 1046 1788 1389 1583 354 1750 374 1860 526 825 1670 488 1954 880 554 1660 869 736 1727 961 77 1947 1307 284 1890 1867 1469 1338 1002 
1372 565 47 1160 305 1629 1865 406 2 76 931 827 1746 1418 780 977 324 792 1845 1059 870 1158 1487 816 464 1771 1057 682 1591 747 1683 962 1311 82 473 1967 1710 338 372 64 765 1302 1242 510 1072 373 1839 1747 1516 35 805 385 1192 291 1552 1656 413 609 689 355 1355 372 1317 1017 805 1789 983 514 478 1354 929 1243 1007 170 104 430 895 1942 176 410 1977 1332 795 1520 1975 698 1175 739 1306 1864 1094 1012 587 410 28 1391 550 1362 256 1380 
